2457416.87582 18.388 0.052 6.29 1125.0
2457424.86651 18.349 0.025 5.01 444.0
2457425.86202 18.532 0.042 5.90 573.0
2457426.88470 18.367 0.050 6.93 695.0
2457427.85527 18.486 0.042 6.45 493.0
2457428.85099 18.373 0.026 4.66 457.0
2457429.84787 18.464 0.032 4.78 536.0
2457431.84756 18.389 0.032 5.07 551.0
2457432.84986 18.349 0.027 4.87 470.0
2457433.84804 18.321 0.029 5.32 439.0
2457434.83981 18.486 0.043 5.95 608.0
2457435.84571 18.452 0.043 6.72 610.0
2457436.83982 18.409 0.041 6.77 434.0
2457437.83420 18.382 0.026 4.86 416.0
2457437.87865 18.384 0.027 4.76 345.0
2457438.83810 18.332 0.031 5.06 602.0
2457439.83608 18.503 0.054 6.74 689.0
2457439.87646 18.460 0.034 5.04 515.0
2457440.83162 18.361 0.030 4.14 795.0
2457441.82936 18.476 0.050 6.32 778.0
2457442.82189 18.269 0.035 5.10 737.0
2457444.82322 18.468 0.038 5.63 584.0
2457445.82740 18.343 0.033 5.57 566.0
2457445.90317 18.467 0.047 5.06 1190.0
2457446.87422 18.455 0.024 3.79 462.0
2457447.80970 18.402 0.032 5.19 526.0
2457447.84606 18.426 0.027 4.15 472.0
2457448.81839 18.449 0.050 5.06 1497.0
2457449.81972 18.457 0.035 4.23 799.0
2457449.88561 18.362 0.046 4.35 1576.0
2457451.80577 18.331 0.034 4.54 1006.0
2457451.87220 18.405 0.038 4.49 914.0
2457452.79910 18.464 0.026 4.20 464.0
2457452.89106 18.380 0.023 4.40 366.0
2457453.81164 18.345 0.020 3.95 404.0
2457453.86572 18.391 0.020 3.39 377.0
2457454.84693 18.370 0.030 4.97 387.0
2457455.83035 18.328 0.028 5.39 360.0
2457455.87540 18.359 0.027 4.97 362.0
2457456.80185 18.416 0.034 5.38 477.0
2457456.84994 18.320 0.028 4.93 414.0
2457457.81529 18.363 0.029 4.62 512.0
2457457.87144 18.438 0.030 4.39 474.0
2457458.78069 18.420 0.040 6.26 480.0
2457458.82551 18.394 0.031 5.25 423.0
2457458.88011 18.414 0.026 4.78 339.0
2457460.78329 18.316 0.034 6.39 434.0
2457460.82913 18.298 0.023 4.36 434.0
2457460.88490 18.377 0.025 4.42 389.0
2457461.79674 18.417 0.024 3.88 414.0
2457461.90508 18.392 0.025 3.93 490.0
2457462.79880 18.332 0.026 4.46 447.0
2457462.84453 18.414 0.025 4.43 403.0
2457462.90383 18.451 0.026 3.93 409.0
2457463.84094 18.443 0.029 4.61 386.0
2457464.87264 18.527 0.026 3.89 446.0
2457467.87746 18.410 0.029 5.11 357.0
2457470.75661 18.414 0.049 6.61 696.0
2457470.84814 18.418 0.039 5.81 547.0
2457471.87117 18.426 0.035 5.07 560.0
2457473.75229 18.437 0.045 5.82 798.0
2457474.84822 18.415 0.035 5.29 559.0
2457475.74995 18.507 0.056 5.97 1012.0
2457476.75856 18.462 0.034 4.32 740.0
2457479.81634 18.525 0.042 5.94 488.0
2457488.92845 18.367 0.030 4.05 810.0
2457492.69943 18.397 0.032 5.64 401.0
2457493.80175 18.419 0.024 4.37 311.0
2457494.89905 18.389 0.026 4.13 417.0
2457497.89037 18.350 0.028 4.98 423.0
2457507.89286 18.425 0.027 4.03 576.0
2457511.68509 18.268 0.026 5.55 391.0
2457511.79357 18.329 0.019 3.48 374.0
2457511.90549 18.346 0.024 4.39 428.0
2457522.79508 18.332 0.026 4.53 441.0
2457522.91070 18.294 0.039 6.25 576.0
2457523.90883 18.382 0.031 5.39 468.0
2457526.80621 18.363 0.033 4.78 634.0
2457526.92329 18.355 0.043 6.63 633.0
2457528.91502 18.229 0.034 5.26 765.0
2457529.81532 18.284 0.045 6.47 764.0
2457530.78256 18.345 0.037 4.85 804.0
2457530.92020 18.368 0.046 5.47 1087.0
2457534.86994 18.361 0.033 4.27 965.0
2457536.76721 18.312 0.027 4.92 426.0
2457536.86602 18.391 0.029 4.38 520.0
2457545.80154 18.316 0.025 4.65 367.0
2457545.91051 18.399 0.030 4.96 474.0
2457546.83422 18.330 0.031 5.87 418.0
2457546.93432 18.420 0.043 6.45 609.0
2457547.82773 18.205 0.025 5.50 337.0
2457548.91508 18.235 0.027 6.38 567.0
2457549.83853 18.293 0.025 5.61 344.0
2457550.71067 18.344 0.025 4.72 355.0
2457550.83105 18.282 0.026 5.02 501.0
2457554.60907 18.292 0.030 5.21 547.0
2457554.89301 18.460 0.045 7.38 689.0
2457555.73788 18.317 0.027 4.77 461.0
2457555.83824 18.330 0.026 4.85 434.0
2457557.82381 18.298 0.030 4.91 653.0
2457561.57856 18.293 0.039 5.41 896.0
2457561.69189 18.365 0.031 3.82 814.0
2457561.79900 18.323 0.029 4.28 728.0
2457566.75518 18.305 0.029 5.61 424.0
2457566.85437 18.338 0.053 7.77 577.0
2457567.56334 18.309 0.033 5.99 506.0
2457567.78408 18.393 0.032 5.35 491.0
2457567.87505 18.297 0.047 6.86 670.0
2457568.66807 18.211 0.025 4.62 319.0
2457568.78307 18.223 0.036 6.92 424.0
2457569.69780 18.327 0.026 4.87 382.0
2457569.80053 18.303 0.028 5.55 416.0
2457570.70815 18.268 0.025 5.44 291.0
2457570.75206 18.324 0.029 6.18 346.0
2457570.79762 18.287 0.027 5.45 365.0
2457570.86460 18.336 0.044 8.12 529.0
2457573.62695 18.229 0.032 6.61 322.0
2457573.68110 18.288 0.027 5.79 310.0
2457573.72205 18.422 0.036 6.92 324.0
2457573.77921 18.304 0.037 7.00 378.0
2457575.77975 18.343 0.024 4.75 360.0
2457575.81831 18.354 0.026 4.86 382.0
2457576.64487 18.389 0.020 3.81 290.0
2457576.68558 18.353 0.023 4.68 308.0
2457576.72384 18.279 0.025 5.31 314.0
2457576.76226 18.342 0.025 4.91 306.0
2457576.80063 18.333 0.026 5.15 350.0
2457579.69733 18.329 0.026 5.41 353.0
2457579.73942 18.330 0.028 5.61 380.0
2457581.71034 18.338 0.025 4.89 440.0
2457581.77685 18.310 0.027 5.45 418.0
2457581.82040 18.323 0.038 6.91 438.0
2457582.67167 18.302 0.031 5.96 402.0
2457583.69497 18.172 0.044 7.41 752.0
2457583.76918 18.383 0.035 6.08 403.0
2457584.51353 18.191 0.043 6.91 554.0
2457584.66923 18.333 0.027 4.58 452.0
2457584.70731 18.386 0.030 5.09 476.0
2457584.75657 18.345 0.033 5.71 502.0
2457584.79592 18.354 0.038 6.17 545.0
2457589.68515 18.293 0.036 5.57 739.0
2457589.72354 18.340 0.043 5.90 782.0
2457589.76996 18.299 0.051 6.59 968.0
2457589.80747 18.275 0.042 5.44 1112.0
2457590.59928 18.349 0.024 3.65 574.0
2457590.64488 18.382 0.027 4.40 524.0
2457590.68270 18.328 0.027 4.78 537.0
2457590.72070 18.370 0.030 5.17 544.0
2457590.80588 18.370 0.046 6.12 812.0
2457593.54540 18.355 0.023 4.66 295.0
2457593.63800 18.316 0.026 5.25 329.0
2457593.67595 18.341 0.025 5.19 322.0
2457593.71347 18.313 0.022 4.66 330.0
2457593.75189 18.413 0.023 4.51 343.0
2457593.78934 18.406 0.031 5.65 405.0
2457595.51263 18.304 0.044 7.99 395.0
2457599.47214 18.290 0.049 6.83 607.0
2457599.57886 18.221 0.034 7.23 353.0
2457599.65660 18.352 0.030 5.31 336.0
2457599.73364 18.319 0.029 5.02 354.0
2457599.77144 18.416 0.031 5.26 372.0
2457600.61497 18.291 0.027 5.29 347.0
2457600.64386 18.317 0.028 5.39 321.0
2457600.69056 18.525 0.039 6.23 349.0
2457601.75390 18.411 0.031 5.68 332.0
2457602.51839 18.419 0.040 6.47 393.0
2457602.65207 18.283 0.026 5.26 339.0
2457602.68998 18.332 0.027 5.16 347.0
2457602.76706 18.320 0.047 7.77 462.0
2457603.77014 18.409 0.032 6.01 356.0
2457604.65004 18.392 0.024 5.01 277.0
2457604.68740 18.425 0.025 4.90 293.0
2457604.72518 18.408 0.025 4.76 326.0
2457604.76336 18.366 0.028 5.26 350.0
2457605.64094 18.344 0.025 4.89 331.0
2457605.67887 18.298 0.027 5.55 336.0
2457605.71606 18.350 0.033 5.95 368.0
2457605.75334 18.408 0.034 5.54 436.0
2457606.66022 18.367 0.033 6.19 324.0
2457606.70471 18.449 0.043 7.18 333.0
2457607.47249 18.425 0.044 6.54 541.0
2457607.62830 18.332 0.029 5.94 298.0
2457607.67193 18.346 0.028 5.53 297.0
2457607.71547 18.502 0.031 5.33 313.0
2457607.75548 18.348 0.032 5.93 356.0
2457608.50339 18.477 0.037 5.46 326.0
2457608.58661 18.411 0.023 4.26 311.0
2457608.63477 18.409 0.025 4.67 332.0
2457608.67919 18.365 0.022 4.21 331.0
2457608.72422 18.367 0.027 4.97 351.0
2457608.76389 18.336 0.032 5.56 436.0
2457609.50456 18.380 0.033 5.22 399.0
2457609.55993 18.461 0.031 4.75 381.0
2457609.61560 18.411 0.028 4.98 340.0
2457609.66033 18.339 0.024 4.61 345.0
2457609.71000 18.381 0.028 5.24 354.0
2457609.74164 18.462 0.037 5.99 429.0
2457610.47358 18.404 0.044 6.82 507.0
2457610.63345 18.369 0.029 5.14 395.0
2457610.67761 18.398 0.027 4.78 416.0
2457610.72153 18.365 0.029 4.90 418.0
2457611.73074 18.537 0.052 7.55 441.0
2457612.49652 18.408 0.039 6.36 465.0
2457612.65032 18.347 0.030 5.35 444.0
2457612.68814 18.434 0.033 5.49 457.0
2457612.72586 18.465 0.037 5.62 480.0
2457617.57566 18.492 0.049 6.23 598.0
2457617.61956 18.455 0.045 5.73 627.0
2457617.66333 18.424 0.041 5.03 676.0
2457617.70717 18.522 0.055 5.99 768.0
2457618.58069 18.415 0.033 4.34 609.0
2457618.62429 18.331 0.034 4.90 628.0
2457618.66794 18.349 0.041 5.55 722.0
2457618.70776 18.407 0.052 6.39 856.0
2457621.61750 18.569 0.047 6.82 431.0
2457621.66717 18.341 0.036 6.25 425.0
2457622.57423 18.456 0.029 4.87 350.0
2457622.63797 18.309 0.028 4.76 403.0
2457622.68262 18.491 0.028 4.33 412.0
2457622.72047 18.374 0.030 5.06 463.0
2457623.50478 18.398 0.031 5.36 394.0
2457623.55012 18.402 0.029 5.10 366.0
2457623.61365 18.455 0.030 5.48 320.0
2457623.65768 18.376 0.032 5.77 370.0
2457623.70108 18.290 0.032 6.00 421.0
2457624.49064 18.407 0.038 6.02 403.0
2457624.54755 18.301 0.024 4.93 357.0
2457624.60503 18.366 0.032 6.04 334.0
2457624.65165 18.334 0.031 6.02 350.0
2457625.47742 18.388 0.037 5.83 503.0
2457625.53212 18.385 0.026 4.62 378.0
2457625.59521 18.344 0.031 5.87 373.0
2457625.63916 18.420 0.034 5.78 352.0
2457626.48021 18.451 0.035 5.34 453.0
2457626.59316 18.348 0.029 5.40 374.0
2457626.64713 18.426 0.033 5.76 353.0
2457630.48068 18.428 0.042 6.78 447.0
2457630.54693 18.366 0.025 4.82 332.0
2457630.59155 18.286 0.024 4.96 340.0
2457630.63617 18.479 0.032 5.35 341.0
2457631.47808 18.325 0.031 4.95 547.0
2457631.53921 18.349 0.022 4.03 348.0
2457631.58402 18.393 0.025 4.75 341.0
2457631.62782 18.382 0.023 4.69 340.0
2457632.47806 18.477 0.041 5.68 466.0
2457632.53820 18.407 0.028 4.66 334.0
2457632.58394 18.289 0.024 4.64 345.0
2457632.62778 18.401 0.029 4.66 390.0
2457633.55048 18.389 0.043 7.07 371.0
2457633.59602 18.266 0.037 6.97 366.0
2457633.64091 18.353 0.038 6.54 377.0
2457634.52694 18.324 0.037 6.56 348.0
2457634.57212 18.182 0.032 6.86 321.0
2457635.50401 18.462 0.047 7.26 393.0
2457635.55740 18.527 0.043 6.34 377.0
2457635.62361 18.461 0.050 7.97 385.0
2457636.51330 18.385 0.038 6.18 402.0
2457636.56524 18.508 0.040 6.28 392.0
2457636.61033 18.479 0.052 7.78 399.0
2457636.65181 18.400 0.040 6.89 399.0
2457637.52344 18.343 0.028 5.52 346.0
2457637.57095 18.391 0.024 4.72 331.0
2457637.61448 18.307 0.027 5.38 355.0
2457638.48903 18.320 0.038 6.10 635.0
2457638.53776 18.305 0.034 5.65 574.0
2457638.60923 18.362 0.028 4.98 524.0
2457639.50319 18.322 0.040 6.31 470.0
2457639.56056 18.356 0.032 5.31 426.0
2457639.60601 18.313 0.026 4.88 422.0
2457643.50620 18.190 0.053 7.53 884.0
2457643.60539 18.395 0.049 6.05 754.0
2457644.51532 18.445 0.055 7.28 631.0
2457644.55315 18.413 0.043 5.69 629.0
2457644.60402 18.347 0.041 5.67 787.0
2457645.49750 18.488 0.046 5.55 787.0
2457647.48480 18.371 0.053 6.78 816.0
2457647.53467 18.397 0.037 4.86 735.0
2457647.57958 18.329 0.033 5.01 631.0
2457648.50056 18.373 0.043 6.63 516.0
2457648.54479 18.342 0.040 5.90 552.0
2457648.58866 18.436 0.035 4.73 608.0
2457649.48487 18.391 0.028 4.40 505.0
2457649.53962 18.454 0.031 4.63 554.0
2457649.58455 18.425 0.029 4.14 580.0
2457650.48032 18.464 0.033 4.56 659.0
2457650.55816 18.407 0.031 5.27 459.0
2457650.60223 18.500 0.042 6.10 541.0
2457651.55879 18.387 0.026 4.38 500.0
2457651.60219 18.301 0.031 5.11 637.0
2457652.54639 18.383 0.026 5.13 383.0
2457652.59509 18.454 0.030 5.22 440.0
2457653.55663 18.339 0.024 4.83 372.0
2457653.60053 18.411 0.029 5.29 395.0
2457655.48280 18.247 0.036 6.31 583.0
2457655.57324 18.284 0.034 6.60 399.0
2457656.52884 18.348 0.033 5.49 415.0
2457656.58209 18.328 0.034 5.88 436.0
2457657.57516 18.435 0.030 5.11 438.0
2457659.48326 18.460 0.044 5.74 683.0
2457660.48335 18.319 0.047 6.21 804.0
2457660.55245 18.350 0.037 6.03 469.0
2457661.48352 18.358 0.045 6.09 745.0
2457661.56958 18.384 0.038 6.37 466.0
2457662.52547 18.300 0.036 6.00 502.0
2457662.56923 18.366 0.041 6.56 508.0
2457664.53818 18.276 0.039 6.29 562.0
2457665.48765 18.451 0.052 6.90 556.0
2457666.55057 18.443 0.034 5.58 490.0
2457667.55383 18.444 0.034 5.92 448.0
2457671.52935 18.392 0.041 5.56 729.0
2457672.53928 18.482 0.039 4.94 738.0
2457675.53348 18.390 0.043 6.08 701.0
2457679.52613 18.543 0.051 6.58 610.0
2457682.51437 18.345 0.033 5.47 609.0
2457686.50216 18.426 0.059 7.66 657.0
2457689.50471 18.408 0.039 6.00 580.0
2457691.50189 18.496 0.038 4.76 759.0
2457790.87085 18.372 0.036 6.00 515.0
2457791.86596 18.352 0.029 4.87 461.0
2457792.86222 18.258 0.034 6.28 633.0
2457793.85965 18.257 0.029 4.81 681.0
2457794.86040 18.346 0.054 7.14 861.0
2457795.87255 18.278 0.038 5.52 812.0
2457796.87931 18.304 0.028 4.41 661.0
2457797.87457 18.240 0.034 5.42 799.0
2457798.87423 18.309 0.029 4.66 545.0
2457799.86948 18.324 0.036 5.60 603.0
2457800.86400 18.308 0.030 5.09 522.0
2457801.84395 18.296 0.042 5.90 779.0
2457801.88929 18.245 0.035 4.95 769.0
2457802.88763 18.214 0.040 6.76 685.0
2457803.87073 18.325 0.031 4.24 856.0
2457807.84126 18.368 0.026 4.73 400.0
2457807.88792 18.343 0.025 4.35 402.0
2457808.89047 18.384 0.030 4.28 440.0
2457809.85155 18.381 0.033 5.49 420.0
2457809.89866 18.393 0.034 5.29 530.0
2457810.84752 18.388 0.030 5.11 434.0
2457810.90517 18.415 0.067 5.91 1241.0
2457811.85317 18.419 0.026 4.30 411.0
2457811.89843 18.401 0.028 4.45 481.0
2457812.86933 18.364 0.024 4.13 426.0
2457813.81368 18.287 0.032 5.69 548.0
2457814.82317 18.361 0.027 4.83 444.0
2457815.83504 18.424 0.029 4.65 468.0
2457815.88210 18.381 0.026 4.21 393.0
2457818.80949 18.314 0.027 5.26 428.0
2457820.84336 18.404 0.032 4.70 455.0
2457821.82742 18.302 0.032 5.30 465.0
2457822.80955 18.427 0.048 6.38 683.0
2457826.78560 18.379 0.043 6.00 735.0
2457826.83071 18.361 0.035 5.02 653.0
2457827.80469 18.341 0.029 4.42 579.0
2457834.89502 18.332 0.027 4.89 382.0
2457835.76845 18.341 0.033 6.27 357.0
2457836.83002 18.382 0.030 5.60 341.0
2457837.75124 18.345 0.032 6.23 351.0
2457837.79784 18.374 0.029 5.46 324.0
2457837.84397 18.346 0.025 4.76 327.0
2457837.89104 18.325 0.023 4.40 340.0
2457838.76668 18.362 0.037 6.50 408.0
2457838.82203 18.420 0.027 4.46 382.0
2457838.91734 18.422 0.033 4.62 607.0
2457840.74451 18.340 0.038 6.88 392.0
2457840.79214 18.309 0.026 5.18 321.0
2457840.89629 18.388 0.023 4.23 328.0
2457841.81974 18.286 0.034 6.53 335.0
2457841.91386 18.337 0.043 6.88 447.0
2457842.85990 18.364 0.029 5.25 359.0
2457842.90590 18.365 0.031 5.53 361.0
2457843.73631 18.385 0.031 5.74 352.0
2457843.88481 18.367 0.027 5.19 300.0
2457844.73243 18.312 0.030 5.79 365.0
2457845.72446 18.334 0.033 6.15 392.0
2457845.87428 18.405 0.026 4.55 320.0
2457845.92070 18.328 0.029 4.52 550.0
2457846.86589 18.388 0.024 4.25 326.0
2457846.91352 18.290 0.026 4.84 356.0
2457847.85559 18.407 0.038 5.56 338.0
2457848.78252 18.346 0.026 4.94 328.0
2457849.71903 18.346 0.039 6.55 536.0
2457849.91608 18.345 0.022 3.90 394.0
2457850.79279 18.345 0.033 5.39 410.0
2457850.83997 18.444 0.027 4.67 347.0
2457853.92288 18.380 0.048 6.90 552.0
2457854.78352 18.376 0.027 3.99 566.0
2457854.88517 18.345 0.034 5.33 526.0
2457855.73219 18.325 0.032 4.69 723.0
2457855.77876 18.303 0.027 4.17 624.0
2457855.88572 18.421 0.028 4.01 579.0
2457856.70810 18.234 0.047 6.98 714.0
2457856.75624 18.483 0.053 6.59 613.0
2457857.80269 18.463 0.073 6.60 1328.0
2457857.85185 18.321 0.039 6.09 648.0
2457857.89857 18.284 0.036 5.61 616.0
2457858.76897 18.345 0.025 3.83 567.0
2457862.79361 18.383 0.031 5.11 400.0
2457862.90243 18.303 0.030 5.23 411.0
2457864.72949 18.417 0.027 4.33 332.0
2457866.87751 18.376 0.021 3.40 382.0
2457867.84561 18.439 0.023 3.78 334.0
2457868.75705 18.301 0.033 6.06 377.0
2457868.81398 18.267 0.036 6.32 381.0
2457868.87732 18.228 0.038 7.00 412.0
2457869.67019 18.451 0.034 6.09 361.0
2457869.72647 18.367 0.028 5.05 360.0
2457869.77262 18.382 0.024 4.19 344.0
2457869.88900 18.332 0.023 3.97 397.0
2457870.70017 18.329 0.025 4.85 351.0
2457870.75335 18.351 0.020 3.60 316.0
2457870.80950 18.363 0.023 4.35 328.0
2457870.86776 18.307 0.022 3.84 350.0
2457870.91533 18.312 0.022 3.80 360.0
2457871.72277 18.355 0.023 4.10 378.0
2457871.76875 18.349 0.022 3.81 370.0
2457871.89444 18.338 0.023 3.66 381.0
2457872.66812 18.348 0.026 4.55 408.0
2457872.73804 18.321 0.022 3.66 371.0
2457872.79500 18.405 0.021 3.43 356.0
2457872.86827 18.337 0.022 3.79 374.0
2457872.91785 18.355 0.023 3.68 419.0
2457873.68704 18.377 0.026 4.88 385.0
2457873.73292 18.325 0.022 4.22 365.0
2457873.77965 18.357 0.019 3.17 330.0
2457873.83802 18.381 0.023 3.89 367.0
2457873.89895 18.367 0.023 3.75 394.0
2457874.66227 18.423 0.042 6.81 441.0
2457874.70822 18.411 0.035 5.80 400.0
2457874.82177 18.354 0.027 4.77 358.0
2457874.87100 18.361 0.029 4.82 450.0
2457874.91795 18.281 0.028 5.17 430.0
2457875.87410 18.259 0.025 4.52 784.0
2457875.91097 18.330 0.026 4.68 551.0
2457876.65771 18.447 0.042 6.19 551.0
2457876.70521 18.374 0.031 5.18 442.0
2457876.75332 18.377 0.025 4.19 401.0
2457876.81231 18.428 0.023 3.68 381.0
2457876.87413 18.379 0.025 4.22 406.0
2457876.93127 18.334 0.027 4.19 551.0
2457877.68239 18.394 0.030 5.14 443.0
2457877.89790 18.316 0.027 4.24 469.0
2457878.85296 18.347 0.021 3.44 387.0
2457878.90017 18.348 0.022 3.84 442.0
2457879.65262 18.410 0.048 7.44 558.0
2457879.84078 18.329 0.037 6.17 410.0
2457880.66056 18.244 0.039 7.00 519.0
2457880.70709 18.373 0.042 6.81 480.0
2457880.75300 18.382 0.032 5.15 468.0
2457880.86673 18.342 0.040 6.48 460.0
2457881.74274 18.363 0.048 7.11 563.0
2457881.80001 18.310 0.033 5.11 517.0
2457881.84945 18.277 0.033 5.37 535.0
2457881.90234 18.289 0.042 6.85 513.0
2457882.69665 18.384 0.049 7.18 554.0
2457882.79977 18.221 0.032 5.62 549.0
2457882.85843 18.371 0.029 4.32 601.0
2457882.91415 18.317 0.032 4.88 662.0
2457889.92683 18.394 0.059 6.61 1018.0
2457890.70973 18.365 0.037 5.94 494.0
2457890.85236 18.385 0.033 4.86 589.0
2457893.65789 18.296 0.037 6.57 431.0
2457893.75961 18.434 0.033 5.37 420.0
2457893.81787 18.382 0.027 4.47 395.0
2457893.86514 18.334 0.032 5.48 444.0
2457893.91160 18.337 0.033 5.21 492.0
2457894.60072 18.298 0.040 7.53 498.0
2457894.64167 18.371 0.034 6.03 444.0
2457894.68768 18.358 0.024 4.38 371.0
2457894.75251 18.398 0.022 3.84 351.0
2457894.80028 18.335 0.023 3.97 382.0
2457894.84700 18.397 0.023 3.74 392.0
2457894.89412 18.341 0.029 4.83 438.0
2457894.93959 18.309 0.042 5.85 782.0
2457895.63749 18.402 0.027 5.21 547.0
2457895.78776 18.355 0.027 4.64 389.0
2457897.65185 18.411 0.037 6.33 400.0
2457897.69814 18.371 0.033 5.51 381.0
2457897.74838 18.443 0.030 5.31 453.0
2457900.91065 18.301 0.042 7.25 443.0
2457900.92729 18.442 0.053 7.73 453.0
2457901.66608 18.196 0.028 6.11 358.0
2457901.73303 18.357 0.026 4.88 438.0
2457901.80641 18.327 0.027 4.92 380.0
2457902.57758 18.357 0.047 7.95 466.0
2457902.62459 18.217 0.034 6.75 388.0
2457902.67182 18.412 0.039 6.25 371.0
2457902.78797 18.373 0.028 4.80 394.0
2457902.83405 18.349 0.045 7.12 426.0
2457902.93555 18.379 0.050 6.70 674.0
2457903.73052 18.366 0.044 7.68 343.0
2457903.79337 18.326 0.039 7.00 361.0
2457903.84936 18.314 0.036 6.18 430.0
2457903.89564 18.391 0.034 5.59 455.0
2457904.59177 18.406 0.046 7.84 434.0
2457904.63904 18.419 0.034 6.07 364.0
2457904.68301 18.366 0.024 4.63 331.0
2457904.73931 18.463 0.023 3.82 323.0
2457904.79851 18.362 0.022 3.82 320.0
2457904.84599 18.416 0.031 5.03 387.0
2457904.89209 18.346 0.032 5.28 433.0
2457904.94133 18.409 0.049 6.46 691.0
2457905.60497 18.467 0.034 5.61 411.0
2457905.65200 18.377 0.025 4.48 366.0
2457905.70735 18.368 0.021 3.81 329.0
2457905.76518 18.343 0.024 4.32 372.0
2457905.81264 18.402 0.024 3.74 395.0
2457905.86098 18.349 0.029 4.51 475.0
2457905.92416 18.361 0.030 4.85 512.0
2457906.56956 18.445 0.036 5.47 538.0
2457906.66335 18.369 0.024 4.09 378.0
2457906.71822 18.400 0.021 3.55 390.0
2457906.77814 18.371 0.024 3.88 427.0
2457906.82545 18.401 0.027 4.10 464.0
2457906.87259 18.374 0.028 4.50 498.0
2457906.91895 18.340 0.034 5.03 651.0
2457907.60626 18.321 0.032 5.15 671.0
2457907.66804 18.410 0.031 4.49 639.0
2457907.71234 18.422 0.030 4.38 553.0
2457907.75208 18.330 0.026 4.07 513.0
2457907.82884 18.454 0.032 4.80 604.0
2457908.58563 18.313 0.042 6.44 641.0
2457908.63137 18.322 0.033 5.35 540.0
2457908.67811 18.353 0.026 4.14 483.0
2457908.73380 18.408 0.024 3.70 473.0
2457908.79264 18.400 0.031 4.86 487.0
2457908.83875 18.367 0.026 4.37 415.0
2457908.88594 18.271 0.035 5.99 498.0
2457908.92519 18.361 0.043 6.20 634.0
2457909.56386 18.367 0.048 6.40 800.0
2457909.60977 18.327 0.033 5.02 608.0
2457909.65912 18.343 0.027 4.02 520.0
2457909.71484 18.370 0.024 3.48 516.0
2457909.76387 18.344 0.028 3.83 650.0
2457909.81093 18.414 0.028 3.81 584.0
2457909.84958 18.387 0.027 4.10 465.0
2457909.90057 18.396 0.031 4.46 576.0
2457909.93247 18.424 0.043 5.68 767.0
2457910.61188 18.298 0.031 5.01 574.0
2457910.65870 18.358 0.031 4.85 507.0
2457910.71557 18.384 0.027 4.21 476.0
2457910.77527 18.354 0.026 3.81 530.0
2457910.82131 18.418 0.029 4.31 536.0
2457910.87652 18.399 0.035 4.81 714.0
2457910.92950 18.311 0.029 5.03 677.0
2457911.58492 18.354 0.047 6.49 769.0
2457911.62507 18.391 0.038 5.46 628.0
2457911.67230 18.365 0.034 5.10 600.0
2457911.71722 18.384 0.047 6.64 608.0
2457911.82600 18.307 0.049 6.85 711.0
2457916.55352 18.452 0.057 6.72 919.0
2457916.60036 18.439 0.038 4.45 749.0
2457916.72022 18.427 0.033 4.23 707.0
2457916.76532 18.383 0.026 3.39 671.0
2457916.80765 18.427 0.043 4.20 1403.0
2457916.85137 18.385 0.049 4.66 1604.0
2457917.54771 18.455 0.048 6.34 637.0
2457917.57239 18.463 0.046 6.29 616.0
2457917.66915 18.399 0.030 4.58 486.0
2457917.71825 18.289 0.028 4.75 495.0
2457917.76815 18.450 0.031 4.29 541.0
2457917.81413 18.326 0.043 6.23 625.0
2457917.85963 18.340 0.040 5.71 709.0
2457917.90622 18.345 0.054 6.63 895.0
2457918.59257 18.372 0.040 6.35 748.0
2457918.66806 18.479 0.036 4.74 738.0
2457922.57959 18.513 0.051 7.19 462.0
2457922.62974 18.388 0.034 5.67 431.0
2457922.68560 18.355 0.026 4.52 378.0
2457922.74440 18.339 0.031 5.38 412.0
2457923.55330 18.402 0.035 5.82 488.0
2457923.59862 18.398 0.034 5.87 414.0
2457923.72017 18.352 0.037 6.17 427.0
2457923.76625 18.361 0.036 6.06 422.0
2457923.81428 18.359 0.044 6.83 472.0
2457923.87029 18.382 0.040 6.16 500.0
2457924.51216 18.298 0.033 6.04 496.0
2457924.71143 18.300 0.024 4.19 377.0
2457924.75852 18.385 0.026 4.11 380.0
2457924.80452 18.325 0.025 4.03 425.0
2457924.85041 18.426 0.030 4.71 507.0
2457925.57902 18.365 0.045 7.45 414.0
2457925.62451 18.362 0.029 5.40 354.0
2457925.67135 18.392 0.021 3.94 322.0
2457925.74489 18.358 0.030 5.34 367.0
2457925.79297 18.316 0.029 5.43 342.0
2457925.84517 18.382 0.031 5.50 419.0
2457926.56094 18.398 0.035 6.19 432.0
2457926.74279 18.376 0.034 5.86 383.0
2457926.79556 18.381 0.048 7.57 419.0
2457926.85022 18.389 0.047 7.30 459.0
2457928.60772 18.440 0.033 5.38 419.0
2457928.65535 18.380 0.028 4.93 371.0
2457929.81090 18.496 0.044 6.96 553.0
2457932.61909 18.408 0.030 5.15 376.0
2457932.67651 18.289 0.034 6.07 375.0
2457932.72836 18.358 0.033 5.98 345.0
2457932.78352 18.423 0.035 5.96 375.0
2457932.82910 18.385 0.037 6.13 436.0
2457933.59738 18.470 0.041 6.61 364.0
2457933.64411 18.366 0.031 5.85 311.0
2457933.69386 18.369 0.031 5.87 313.0
2457933.76049 18.375 0.033 5.99 315.0
2457933.80467 18.335 0.042 7.37 368.0
2457933.82276 18.346 0.040 6.93 373.0
2457933.84249 18.385 0.043 7.03 421.0
2457934.50225 18.392 0.035 5.84 488.0
2457934.74793 18.404 0.027 4.42 372.0
2457934.79390 18.369 0.039 6.39 384.0
2457934.83990 18.297 0.031 5.91 365.0
2457934.86287 18.305 0.036 6.43 380.0
2457935.53364 18.366 0.028 4.91 432.0
2457935.59006 18.390 0.027 4.40 387.0
2457935.64705 18.431 0.028 4.75 352.0
2457935.69635 18.387 0.026 4.10 363.0
2457935.74339 18.353 0.024 4.38 321.0
2457935.79037 18.418 0.022 3.80 321.0
2457935.85924 18.395 0.026 4.37 374.0
2457935.87522 18.392 0.028 5.03 396.0
2457936.48874 18.418 0.035 5.69 506.0
2457936.54136 18.390 0.038 6.28 412.0
2457936.58897 18.399 0.029 5.05 362.0
2457936.63691 18.348 0.028 5.34 340.0
2457936.70924 18.410 0.029 5.07 329.0
2457936.76577 18.363 0.026 4.90 308.0
2457936.81349 18.407 0.030 5.21 314.0
2457936.86210 18.494 0.050 7.45 387.0
2457937.48314 18.362 0.040 6.02 620.0
2457937.53007 18.390 0.038 5.98 527.0
2457937.57810 18.474 0.037 5.53 446.0
2457937.62530 18.405 0.027 4.71 371.0
2457937.67353 18.375 0.028 4.75 395.0
2457937.73161 18.425 0.029 5.00 357.0
2457937.78857 18.372 0.028 5.14 335.0
2457937.83546 18.357 0.035 6.05 398.0
2457938.55352 18.397 0.044 6.45 511.0
2457938.60198 18.437 0.043 6.48 457.0
2457938.65454 18.367 0.046 7.34 479.0
2457944.49390 18.417 0.040 5.31 750.0
2457944.53308 18.365 0.036 4.96 735.0
2457944.57329 18.403 0.034 4.71 672.0
2457944.61195 18.410 0.032 4.39 634.0
2457944.66015 18.388 0.034 4.75 617.0
2457944.70957 18.481 0.039 5.02 600.0
2457944.75631 18.263 0.035 5.42 628.0
2457944.79713 18.410 0.041 4.87 762.0
2457944.82801 18.390 0.063 7.42 880.0
2457945.47900 18.338 0.036 5.69 581.0
2457945.51529 18.453 0.048 6.36 676.0
2457945.56157 18.417 0.033 4.98 517.0
2457945.60930 18.375 0.024 3.78 477.0
2457945.65782 18.365 0.027 4.35 448.0
2457945.70559 18.360 0.024 4.12 452.0
2457945.75294 18.449 0.026 3.76 509.0
2457945.79997 18.426 0.035 4.91 594.0
2457945.84520 18.351 0.045 6.10 776.0
2457946.49583 18.402 0.031 5.43 368.0
2457946.55306 18.396 0.031 5.03 487.0
2457946.60109 18.406 0.031 4.91 464.0
2457946.66641 18.372 0.027 4.53 417.0
2457946.71395 18.435 0.034 5.33 425.0
2457946.76184 18.365 0.034 5.71 431.0
2457946.81069 18.358 0.033 5.31 476.0
2457947.51296 18.366 0.037 6.59 357.0
2457947.55191 18.312 0.035 6.55 390.0
2457947.60051 18.348 0.028 5.11 387.0
2457947.65112 18.350 0.032 5.70 371.0
2457947.74514 18.403 0.044 6.94 432.0
2457948.50582 18.392 0.032 5.88 368.0
2457948.56369 18.402 0.030 5.42 334.0
2457948.62137 18.327 0.028 5.66 363.0
2457948.67296 18.500 0.037 4.88 615.0
2457948.74353 18.420 0.033 5.23 456.0
2457948.79023 18.408 0.033 5.28 498.0
2457948.83455 18.477 0.038 5.63 569.0
2457949.58359 18.320 0.031 5.19 566.0
2457949.63426 18.433 0.039 6.03 438.0
2457949.68844 18.334 0.047 7.16 519.0
2457949.73778 18.423 0.041 5.53 625.0
2457952.68965 18.444 0.031 4.92 355.0
2457952.74139 18.326 0.031 5.84 322.0
2457952.79672 18.369 0.047 7.75 371.0
2457953.47663 18.306 0.037 6.44 477.0
2457953.59225 18.383 0.023 4.46 323.0
2457953.64699 18.356 0.025 4.89 319.0
2457953.69743 18.406 0.026 4.86 299.0
2457953.74979 18.409 0.027 4.96 311.0
2457953.79866 18.363 0.033 6.06 382.0
2457954.48821 18.318 0.029 5.12 598.0
2457954.60153 18.404 0.022 3.98 308.0
2457954.66948 18.365 0.021 3.89 305.0
2457954.73037 18.341 0.025 4.88 404.0
2457954.78608 18.395 0.026 4.67 441.0
2457955.75548 18.331 0.023 4.66 351.0
2457955.79396 18.382 0.033 6.60 379.0
2457956.61968 18.338 0.025 4.61 317.0
2457956.68212 18.342 0.025 4.38 350.0
2457956.73071 18.441 0.029 5.01 364.0
2457956.78116 18.387 0.031 5.65 399.0
2457957.64028 18.368 0.035 5.99 352.0
2457957.73768 18.342 0.031 6.13 353.0
2457958.59029 18.394 0.041 6.69 395.0
2457958.62446 18.474 0.043 7.09 357.0
2457958.66172 18.407 0.040 6.67 363.0
2457958.71432 18.413 0.037 6.34 378.0
2457958.76419 18.380 0.034 6.03 365.0
2457958.79687 18.365 0.044 7.49 417.0
2457959.49800 18.409 0.027 4.97 368.0
2457959.54585 18.441 0.024 4.08 349.0
2457959.59587 18.424 0.028 4.39 331.0
2457959.64698 18.307 0.021 4.09 319.0
2457959.69602 18.372 0.025 4.76 328.0
2457959.74696 18.404 0.028 5.16 345.0
2457959.78979 18.516 0.045 6.98 401.0
2457960.48597 18.365 0.032 5.78 396.0
2457960.53388 18.394 0.028 5.25 334.0
2457960.59810 18.370 0.022 4.59 327.0
2457960.65398 18.361 0.023 4.59 295.0
2457960.70312 18.391 0.029 5.61 317.0
2457960.75747 18.333 0.033 6.06 332.0
2457960.79293 18.430 0.036 6.37 357.0
2457961.53807 18.337 0.025 5.16 422.0
2457961.59936 18.263 0.024 5.02 384.0
2457961.63608 18.347 0.026 5.07 358.0
2457961.67971 18.313 0.024 5.07 353.0
2457961.74832 18.327 0.037 6.85 459.0
2457962.65988 18.393 0.024 4.35 445.0
2457964.62628 18.407 0.030 5.02 380.0
2457964.67408 18.330 0.028 5.08 410.0
2457964.75486 18.307 0.030 5.81 463.0
2457965.64065 18.326 0.026 4.35 429.0
2457965.67602 18.293 0.028 5.14 400.0
2457965.70682 18.389 0.030 5.05 516.0
2457966.53867 18.311 0.045 7.34 456.0
2457966.56855 18.346 0.034 5.88 387.0
2457966.61420 18.335 0.034 6.09 368.0
2457966.66201 18.343 0.032 5.57 369.0
2457966.70982 18.398 0.038 6.24 370.0
2457967.57219 18.329 0.033 5.67 425.0
2457967.65453 18.379 0.039 6.24 455.0
2457967.72088 18.438 0.043 6.54 488.0
2457971.48474 18.301 0.039 5.45 758.0
2457971.52595 18.304 0.036 5.10 707.0
2457971.60177 18.370 0.040 5.69 623.0
2457971.64003 18.345 0.033 4.79 642.0
2457971.67776 18.356 0.034 4.61 720.0
2457971.71822 18.275 0.037 5.18 816.0
2457972.49938 18.280 0.053 7.23 706.0
2457972.57480 18.315 0.046 6.39 658.0
2457972.61795 18.343 0.035 4.86 633.0
2457972.66403 18.379 0.042 5.58 657.0
2457972.70801 18.330 0.039 5.28 743.0
2457972.74293 18.398 0.052 6.05 896.0
2457973.54009 18.340 0.044 6.57 622.0
2457973.59201 18.295 0.044 6.58 632.0
2457973.64890 18.301 0.032 4.89 647.0
2457973.70744 18.407 0.062 7.65 750.0
2457974.64405 18.310 0.028 4.64 481.0
2457974.69427 18.297 0.030 4.90 548.0
2457974.74018 18.304 0.042 5.95 687.0
2457975.62545 18.338 0.039 6.23 475.0
2457979.47394 18.373 0.030 4.55 626.0
2457979.53996 18.299 0.025 4.69 379.0
2457979.59248 18.384 0.024 4.05 418.0
2457979.64338 18.405 0.025 4.26 385.0
2457980.49086 18.360 0.037 5.78 470.0
2457980.56119 18.374 0.035 5.69 453.0
2457980.60890 18.352 0.038 5.95 491.0
2457980.65676 18.356 0.039 6.01 501.0
2457981.49159 18.353 0.034 5.31 518.0
2457981.58214 18.328 0.029 4.97 450.0
2457981.62977 18.348 0.025 4.15 427.0
2457981.67668 18.289 0.032 5.30 482.0
2457982.51365 18.328 0.029 5.29 386.0
2457982.57097 18.350 0.028 4.68 377.0
2457982.61936 18.360 0.032 5.54 409.0
2457982.66558 18.309 0.027 5.06 410.0
2457983.57788 18.367 0.027 4.16 380.0
2457983.62403 18.369 0.027 4.99 375.0
2457983.67310 18.414 0.025 4.87 356.0
2457984.52192 18.344 0.034 6.05 380.0
2457984.57232 18.305 0.031 5.54 381.0
2457984.61993 18.330 0.029 5.54 364.0
2457984.66700 18.374 0.032 5.12 374.0
2457985.53454 18.374 0.041 6.43 455.0
2457985.58726 18.402 0.040 6.54 409.0
2457985.63329 18.296 0.042 7.47 408.0
2457986.48548 18.382 0.025 4.43 415.0
2457986.50277 18.402 0.023 4.07 392.0
2457986.53371 18.367 0.023 4.14 367.0
2457986.55829 18.340 0.021 4.00 350.0
2457986.57693 18.417 0.021 3.72 353.0
2457986.59546 18.403 0.024 4.39 357.0
2457986.60945 18.330 0.024 4.58 366.0
2457986.62686 18.383 0.025 4.49 358.0
2457986.64545 18.373 0.025 4.66 344.0
2457986.65917 18.353 0.027 4.98 366.0
2457987.49098 18.292 0.022 4.05 397.0
2457987.55691 18.334 0.023 3.83 395.0
2457987.61406 18.363 0.025 4.29 401.0
2457987.66045 18.318 0.025 4.66 384.0
2457990.50765 18.289 0.027 5.00 406.0
2457990.57541 18.311 0.029 5.21 411.0
2457990.62358 18.333 0.034 6.23 404.0
2457991.47697 18.339 0.034 5.35 583.0
2457991.52795 18.334 0.031 5.66 411.0
2457991.58610 18.413 0.034 5.79 387.0
2457991.64184 18.333 0.034 5.99 397.0
2457992.49261 18.394 0.030 5.49 423.0
2457992.54243 18.344 0.023 4.09 398.0
2457992.59820 18.378 0.029 5.09 394.0
2457992.64376 18.385 0.031 5.32 418.0
2457993.51018 18.357 0.029 4.81 438.0
2457993.55820 18.419 0.029 4.56 437.0
2457993.60515 18.315 0.026 4.94 372.0
2457993.65173 18.369 0.037 6.39 401.0
2457994.52361 18.318 0.036 6.11 480.0
2457994.56964 18.359 0.030 5.01 471.0
2457994.61957 18.356 0.033 5.73 453.0
2457998.47603 18.302 0.051 4.41 2285.0
2457998.51846 18.285 0.050 4.41 2169.0
2457998.55697 18.390 0.040 4.37 1196.0
2457998.59674 18.337 0.051 4.71 1853.0
2457998.63591 18.305 0.052 5.86 1309.0
2458000.50427 18.295 0.049 7.71 557.0
2458000.54636 18.284 0.033 5.52 557.0
2458000.58661 18.367 0.038 5.65 610.0
2458000.62946 18.315 0.039 5.70 712.0
2458001.51044 18.389 0.031 4.82 525.0
2458001.55763 18.429 0.028 4.10 553.0
2458001.60417 18.347 0.030 4.80 587.0
2458002.51262 18.262 0.063 6.43 1540.0
2458003.48339 18.322 0.051 7.40 543.0
2458003.58835 18.384 0.047 6.43 585.0
2458004.49421 18.346 0.037 6.08 456.0
2458004.56004 18.333 0.039 6.36 496.0
2458004.60721 18.343 0.035 5.60 525.0
2458005.59206 18.276 0.049 7.33 551.0
2458007.55616 18.304 0.042 7.20 431.0
2458007.60559 18.343 0.033 5.94 421.0
2458008.55825 18.450 0.037 5.92 392.0
2458010.49963 18.227 0.043 7.15 496.0
2458010.56315 18.361 0.031 5.37 450.0
2458011.53988 18.356 0.047 7.42 454.0
2458012.48053 18.346 0.036 4.57 878.0
2458012.53867 18.413 0.029 4.60 482.0
2458012.58522 18.339 0.027 4.64 541.0
2458013.52690 18.335 0.027 4.59 463.0
2458013.57442 18.358 0.026 4.46 448.0
2458014.52075 18.343 0.026 4.57 420.0
2458014.56660 18.333 0.027 4.79 434.0
2458015.49308 18.285 0.036 6.45 426.0
2458015.54977 18.303 0.035 6.35 416.0
2458016.49523 18.374 0.039 6.37 480.0
2458016.54223 18.377 0.038 6.63 423.0
2458017.49524 18.435 0.036 5.57 453.0
2458017.55138 18.357 0.030 5.34 436.0
2458018.50376 18.353 0.026 4.12 434.0
2458018.56160 18.292 0.029 5.78 411.0
2458019.52652 18.321 0.023 3.76 396.0
2458020.48901 18.490 0.045 6.04 444.0
2458020.54491 18.374 0.032 4.36 435.0
2458021.50258 18.304 0.040 6.43 547.0
2458026.50932 18.402 0.049 4.78 1626.0
2458026.55104 18.406 0.038 5.07 813.0
2458029.49130 18.337 0.040 5.32 708.0
2458029.55975 18.363 0.038 4.98 706.0
2458030.51607 18.374 0.033 4.55 693.0
2458032.54649 18.270 0.042 5.96 693.0
2458035.53056 18.514 0.048 6.09 514.0
2458036.52157 18.478 0.051 7.58 494.0
2458039.49400 18.372 0.047 7.14 536.0
2458039.54948 18.475 0.063 8.40 508.0
2458040.52915 18.457 0.048 6.33 605.0
2458046.52230 18.318 0.053 7.34 718.0
2458049.50309 18.454 0.028 4.35 576.0
2458054.50046 18.428 0.066 6.48 997.0
2458151.87772 18.359 0.050 6.09 1269.0
2458152.87492 18.292 0.036 5.94 844.0
2458153.87293 18.425 0.035 5.19 675.0
2458155.87057 18.423 0.042 5.97 762.0
2458156.86990 18.399 0.035 5.09 657.0
2458161.85040 18.430 0.042 6.50 514.0
2458162.84965 18.373 0.028 5.50 448.0
2458162.88821 18.353 0.033 4.47 893.0
2458163.88570 18.365 0.032 5.08 598.0
2458164.87376 18.357 0.030 5.18 443.0
2458165.85943 18.358 0.029 5.07 479.0
2458166.84002 18.342 0.048 7.61 459.0
2458166.87905 18.393 0.034 5.65 449.0
2458167.85239 18.340 0.029 5.14 444.0
2458167.89069 18.379 0.031 4.89 484.0
2458168.86094 18.316 0.027 4.96 420.0
2458168.89846 18.345 0.043 4.96 1010.0
2458169.86045 18.342 0.031 5.38 440.0
2458169.89794 18.405 0.037 4.19 905.0
2458170.85753 18.337 0.024 4.28 412.0
2458171.85412 18.355 0.026 4.22 441.0
2458171.89162 18.305 0.026 3.74 567.0
2458172.85200 18.377 0.029 5.16 456.0
2458172.88927 18.368 0.027 4.04 483.0
2458173.84919 18.380 0.029 4.71 527.0
2458173.88841 18.380 0.026 4.27 466.0
2458174.84461 18.325 0.029 4.92 560.0
2458174.88196 18.300 0.024 4.12 486.0
2458175.83034 18.343 0.025 4.50 442.0
2458175.86827 18.412 0.025 4.19 381.0
2458176.81103 18.257 0.030 5.26 644.0
2458176.84868 18.354 0.025 4.10 455.0
2458176.88676 18.356 0.027 4.58 434.0
2458181.82598 18.262 0.031 5.03 679.0
2458182.79808 18.334 0.037 5.54 710.0
2458182.87682 18.339 0.027 4.25 552.0
2458183.80271 18.323 0.036 5.49 696.0
2458185.82412 18.230 0.037 5.98 745.0
2458185.86271 18.411 0.042 5.00 658.0
2458189.81883 18.276 0.025 4.72 417.0
2458190.80909 18.340 0.026 5.09 350.0
2458192.79799 18.216 0.028 5.47 427.0
2458195.84569 18.239 0.027 5.65 370.0
2458196.79850 18.381 0.025 4.19 361.0
2458197.76933 18.307 0.033 6.35 416.0
2458198.78676 18.292 0.025 4.09 383.0
2458199.76159 18.292 0.028 5.46 372.0
2458200.76761 18.270 0.030 5.80 442.0
2458202.74602 18.288 0.033 5.99 487.0
2458203.76245 18.307 0.025 5.09 375.0
2458205.88474 18.320 0.030 5.43 364.0
2458206.73681 18.313 0.034 5.54 647.0
2458207.73273 18.219 0.033 5.83 711.0
2458207.87024 18.315 0.021 3.62 440.0
2458208.72885 18.283 0.033 4.67 899.0
2458209.72389 18.377 0.039 5.42 808.0
2458211.72041 18.376 0.056 7.51 758.0
2458212.73380 18.383 0.060 5.21 2038.0
2458217.78833 18.293 0.030 6.07 389.0
2458217.84061 18.354 0.029 4.58 370.0
2458217.89308 18.346 0.026 4.72 374.0
2458221.70955 18.325 0.029 5.69 372.0
2458221.72713 18.321 0.028 5.78 334.0
2458222.69853 18.351 0.028 5.39 413.0
2458224.69243 18.274 0.034 6.22 479.0
2458227.69409 18.403 0.031 5.40 397.0
2458227.80916 18.315 0.022 4.25 312.0
2458227.91448 18.296 0.024 4.37 385.0
2458228.88839 18.339 0.021 3.78 336.0
2458229.69347 18.286 0.029 5.64 393.0
2458230.71085 18.251 0.029 6.03 385.0
2458233.69294 18.346 0.029 4.94 501.0
2458244.66789 18.311 0.031 5.46 499.0
2458245.83402 18.184 0.044 7.45 558.0
2458245.88112 18.307 0.034 5.14 581.0
2458246.87209 18.305 0.028 4.47 532.0
2458246.92594 18.351 0.039 5.91 650.0
2458247.65857 18.344 0.030 5.31 489.0
2458247.86769 18.343 0.029 4.57 516.0
2458247.91577 18.366 0.043 6.36 532.0
2458248.72299 18.348 0.037 6.44 380.0
2458248.77853 18.324 0.037 6.40 455.0
2458249.88206 18.295 0.030 5.10 486.0
2458249.92882 18.346 0.030 4.54 588.0
2458250.89120 18.362 0.023 3.88 405.0
2458250.93738 18.349 0.041 4.46 1163.0
2458251.91341 18.384 0.024 4.08 436.0
2458252.87771 18.425 0.032 5.31 461.0
2458252.92367 18.344 0.030 5.04 495.0
2458253.86677 18.396 0.026 4.37 400.0
2458254.67054 18.340 0.026 5.10 362.0
2458255.62451 18.373 0.027 4.95 380.0
2458255.68681 18.366 0.026 4.60 366.0
2458255.82576 18.400 0.026 4.12 403.0
2458255.87213 18.387 0.028 4.32 444.0
2458255.91837 18.330 0.028 4.43 457.0
2458256.63370 18.330 0.031 5.61 412.0
2458256.90060 18.309 0.027 4.47 480.0
2458257.61538 18.324 0.040 6.90 491.0
2458257.84019 18.365 0.023 3.79 381.0
2458257.89465 18.395 0.029 4.51 457.0
2458258.66964 18.409 0.025 4.94 363.0
2458258.84793 18.329 0.024 4.10 372.0
2458258.91242 18.422 0.022 3.52 411.0
2458259.83213 18.372 0.025 4.10 452.0
2458259.88481 18.391 0.030 4.54 508.0
2458260.59888 18.453 0.034 5.17 558.0
2458260.83352 18.352 0.021 3.36 510.0
2458261.86888 18.383 0.027 4.20 397.0
2458261.91650 18.398 0.029 4.31 469.0
2458262.62301 18.414 0.030 5.02 418.0
2458262.84463 18.359 0.022 4.04 318.0
2458262.89179 18.365 0.022 3.68 377.0
2458262.92968 18.403 0.029 4.51 486.0
2458263.88892 18.341 0.022 4.32 335.0
2458265.71136 18.393 0.029 4.43 542.0
2458265.76202 18.391 0.023 3.56 512.0
2458265.89629 18.345 0.035 5.52 532.0
2458266.73131 18.323 0.038 5.66 628.0
2458266.79251 18.294 0.034 5.15 701.0
2458271.59585 18.336 0.040 5.86 689.0
2458271.79816 18.387 0.033 4.87 603.0
2458271.82356 18.351 0.034 5.08 621.0
2458271.85966 18.458 0.038 5.04 653.0
2458272.64680 18.366 0.026 4.31 458.0
2458272.80236 18.376 0.026 4.08 488.0
2458272.85236 18.360 0.026 4.00 515.0
2458272.90256 18.346 0.031 4.69 561.0
2458272.94245 18.485 0.047 5.46 875.0
2458273.62115 18.397 0.033 5.29 452.0
2458273.73870 18.358 0.022 4.11 366.0
2458273.79445 18.435 0.027 4.41 400.0
2458273.84184 18.412 0.033 5.27 457.0
2458273.87714 18.382 0.028 4.69 455.0
2458273.91568 18.492 0.033 5.39 414.0
2458274.81055 18.322 0.041 6.65 471.0
2458274.86116 18.304 0.035 5.55 540.0
2458274.90920 18.411 0.049 6.52 781.0
2458275.59534 18.366 0.029 4.80 454.0
2458275.82169 18.438 0.031 4.82 458.0
2458275.87316 18.336 0.034 5.53 514.0
2458275.92037 18.339 0.035 5.25 681.0
2458276.76023 18.417 0.026 4.71 371.0
2458276.81053 18.427 0.025 4.21 411.0
2458276.85834 18.331 0.029 5.00 467.0
2458277.59699 18.383 0.030 5.36 402.0
2458277.76553 18.313 0.024 4.60 337.0
2458277.81320 18.365 0.023 3.78 371.0
2458277.86289 18.399 0.028 4.52 464.0
2458277.91533 18.385 0.033 5.07 552.0
2458278.54927 18.369 0.032 5.71 465.0
2458278.59652 18.448 0.027 4.98 397.0
2458278.74808 18.344 0.023 4.45 445.0
2458282.53513 18.343 0.035 6.14 444.0
2458282.58162 18.379 0.028 4.86 397.0
2458282.63005 18.398 0.024 4.47 326.0
2458282.75230 18.344 0.023 5.45 307.0
2458282.81378 18.368 0.024 4.32 361.0
2458282.86410 18.410 0.026 4.27 395.0
2458282.90929 18.413 0.031 4.97 478.0
2458283.54780 18.423 0.034 5.68 426.0
2458283.59430 18.349 0.025 5.08 330.0
2458283.64104 18.343 0.028 5.46 339.0
2458283.70795 18.427 0.027 4.89 318.0
2458283.76126 18.364 0.025 4.66 348.0
2458283.80773 18.386 0.023 3.85 397.0
2458283.85648 18.358 0.031 5.06 439.0
2458283.90646 18.367 0.037 6.03 499.0
2458284.54801 18.374 0.032 5.38 486.0
2458284.59637 18.341 0.023 4.66 351.0
2458284.64250 18.333 0.027 5.19 365.0
2458284.76147 18.306 0.021 4.10 341.0
2458284.80885 18.348 0.020 3.47 340.0
2458284.85723 18.387 0.027 4.81 375.0
2458284.90673 18.397 0.034 5.45 476.0
2458285.74349 18.316 0.026 4.92 339.0
2458285.78535 18.352 0.025 4.39 346.0
2458286.54673 18.420 0.029 5.20 353.0
2458286.59359 18.369 0.028 5.63 306.0
2458286.64154 18.392 0.023 4.64 281.0
2458286.71216 18.338 0.023 4.46 293.0
2458286.77754 18.417 0.024 4.34 295.0
2458286.83774 18.460 0.031 5.21 344.0
2458286.88557 18.416 0.027 4.43 415.0
2458287.52842 18.375 0.032 5.59 427.0
2458287.58133 18.423 0.026 4.80 331.0
2458287.63611 18.376 0.023 4.48 309.0
2458287.70437 18.401 0.030 5.98 291.0
2458287.75376 18.393 0.022 4.31 289.0
2458287.81589 18.412 0.023 4.38 297.0
2458287.87764 18.375 0.022 3.90 365.0
2458287.90755 18.440 0.028 4.47 429.0
2458288.55738 18.362 0.027 4.96 357.0
2458288.61190 18.329 0.025 4.84 318.0
2458288.66832 18.350 0.023 4.61 299.0
2458288.72897 18.361 0.023 4.22 293.0
2458288.78921 18.391 0.022 3.53 319.0
2458288.85077 18.288 0.033 5.79 420.0
2458288.89779 18.438 0.052 6.86 582.0
2458289.55248 18.343 0.027 5.01 425.0
2458289.66364 18.367 0.024 4.65 352.0
2458289.73509 18.411 0.027 4.83 340.0
2458289.79292 18.369 0.028 5.02 366.0
2458289.84107 18.371 0.026 4.68 387.0
2458289.88708 18.371 0.030 5.10 488.0
2458290.54975 18.353 0.034 5.28 490.0
2458290.59835 18.359 0.028 4.94 402.0
2458290.73096 18.259 0.026 5.04 371.0
2458290.78957 18.335 0.029 5.18 406.0
2458290.83768 18.390 0.034 5.69 464.0
2458290.88470 18.373 0.037 5.75 531.0
2458291.59231 18.429 0.031 4.25 800.0
2458291.64151 18.410 0.029 4.43 447.0
2458291.72120 18.304 0.027 4.44 473.0
2458291.76850 18.364 0.026 4.02 444.0
2458291.82597 18.308 0.025 4.21 410.0
2458291.88255 18.355 0.035 5.59 500.0
2458292.55303 18.445 0.037 5.43 519.0
2458292.60016 18.333 0.030 5.07 432.0
2458292.64748 18.400 0.042 6.14 527.0
2458292.71504 18.388 0.031 4.70 494.0
2458292.77298 18.375 0.029 4.59 441.0
2458292.84929 18.371 0.027 4.28 428.0
2458292.89088 18.381 0.037 5.35 556.0
2458293.55077 18.463 0.059 7.63 578.0
2458293.60961 18.318 0.037 6.11 489.0
2458293.67328 18.407 0.031 4.88 460.0
2458293.73405 18.308 0.030 5.06 500.0
2458293.78736 18.331 0.051 7.35 569.0
2458294.60037 18.436 0.061 7.52 753.0
2458294.64845 18.293 0.040 6.17 589.0
2458294.71391 18.460 0.068 8.50 684.0
2458294.78801 18.244 0.046 6.84 806.0
2458294.83840 18.493 0.057 6.54 871.0
2458299.52350 18.328 0.049 5.62 1250.0
2458301.60795 18.295 0.047 6.88 534.0
2458301.70673 18.408 0.054 7.02 783.0
2458301.75229 18.446 0.038 5.64 510.0
2458301.80624 18.396 0.052 6.22 1140.0
2458302.58725 18.408 0.029 5.43 495.0
2458302.69456 18.250 0.042 6.88 749.0
2458303.63717 18.275 0.039 7.47 359.0
2458304.55468 18.256 0.038 6.91 422.0
2458304.59373 18.257 0.042 7.52 408.0
2458304.64477 18.284 0.040 7.27 404.0
2458304.70103 18.327 0.040 6.75 480.0
2458304.75463 18.319 0.047 7.65 477.0
2458305.52198 18.301 0.044 7.23 483.0
2458305.55425 18.411 0.043 6.83 436.0
2458305.66046 18.375 0.032 5.93 351.0
2458305.70069 18.335 0.028 5.50 343.0
2458305.76397 18.347 0.037 6.35 395.0
2458305.81190 18.412 0.048 7.49 431.0
2458306.66383 18.305 0.032 6.01 373.0
2458306.71285 18.327 0.042 7.14 425.0
2458306.75969 18.297 0.035 6.40 397.0
2458306.79279 18.276 0.035 6.47 425.0
2458306.83704 18.360 0.041 6.32 519.0
2458307.54542 18.311 0.027 5.08 465.0
2458307.66402 18.303 0.023 4.88 305.0
2458307.71229 18.333 0.022 4.01 334.0
2458307.75936 18.293 0.024 4.43 370.0
2458307.81562 18.372 0.032 5.36 430.0
2458308.46767 18.486 0.046 6.25 612.0
2458308.66769 18.285 0.023 4.54 302.0
2458308.72504 18.311 0.028 4.96 348.0
2458308.77282 18.246 0.027 4.79 426.0
2458308.82095 18.279 0.035 6.36 447.0
2458309.48511 18.436 0.031 5.11 402.0
2458309.53769 18.505 0.030 4.95 343.0
2458309.70378 18.390 0.020 3.44 290.0
2458309.75094 18.413 0.024 4.17 383.0
2458309.79770 18.317 0.025 4.82 396.0
2458309.84051 18.277 0.035 6.22 467.0
2458310.54683 18.485 0.036 5.27 346.0
2458310.65635 18.281 0.022 4.65 365.0
2458310.69124 18.338 0.024 4.57 387.0
2458310.72445 18.438 0.026 4.80 361.0
2458310.77775 18.368 0.030 5.26 371.0
2458310.82828 18.342 0.036 6.34 432.0
2458311.54967 18.223 0.031 6.61 339.0
2458311.59669 18.369 0.023 4.63 303.0
2458311.65476 18.320 0.024 4.91 320.0
2458311.71311 18.366 0.023 3.93 337.0
2458311.75954 18.380 0.025 3.87 404.0
2458311.80584 18.329 0.029 4.99 464.0
2458312.46867 18.419 0.044 6.26 651.0
2458312.56445 18.206 0.025 5.35 355.0
2458312.67806 18.331 0.023 4.59 318.0
2458312.74779 18.359 0.020 3.61 404.0
2458312.79807 18.405 0.024 4.65 332.0
2458313.47388 18.356 0.030 5.01 527.0
2458313.56653 18.390 0.021 4.22 308.0
2458313.61789 18.390 0.020 3.51 297.0
2458313.67249 18.360 0.022 3.64 333.0
2458313.71946 18.310 0.022 3.59 371.0
2458313.76623 18.321 0.026 4.26 391.0
2458313.81260 18.386 0.027 4.20 490.0
2458314.53256 18.297 0.025 5.08 357.0
2458314.58040 18.374 0.030 5.43 386.0
2458314.63811 18.434 0.029 4.86 364.0
2458314.69525 18.349 0.024 4.15 377.0
2458314.74188 18.328 0.023 4.09 358.0
2458314.78804 18.297 0.025 4.93 356.0
2458316.51584 18.305 0.030 5.56 407.0
2458316.56322 18.401 0.032 5.62 399.0
2458316.66398 18.223 0.030 5.72 356.0
2458316.73038 18.167 0.039 7.28 405.0
2458320.46886 18.323 0.041 6.39 710.0
2458320.68289 18.349 0.023 4.26 339.0
2458320.72893 18.295 0.023 4.46 369.0
2458320.77548 18.359 0.023 4.32 363.0
2458321.50550 18.377 0.036 5.39 596.0
2458321.78174 18.269 0.056 7.26 1073.0
2458328.55003 18.318 0.033 5.37 565.0
2458328.64659 18.217 0.035 6.04 583.0
2458328.69572 18.330 0.042 6.23 652.0
2458328.74165 18.448 0.050 6.06 773.0
2458329.46957 18.380 0.040 5.87 597.0
2458329.62130 18.272 0.033 5.76 538.0
2458329.66818 18.369 0.027 4.10 519.0
2458329.71431 18.352 0.025 3.68 576.0
2458329.76030 18.329 0.031 4.56 650.0
2458331.49805 18.373 0.028 4.81 366.0
2458331.66200 18.400 0.027 4.54 399.0
2458332.46815 18.345 0.041 5.28 859.0
2458332.63223 18.278 0.030 5.38 452.0
2458332.67896 18.340 0.034 5.60 479.0
2458333.47074 18.340 0.036 5.09 668.0
2458333.52085 18.300 0.023 4.04 438.0
2458333.63876 18.323 0.021 3.91 340.0
2458333.68655 18.322 0.026 4.88 369.0
2458334.52281 18.470 0.031 4.24 422.0
2458334.63964 18.362 0.023 3.88 392.0
2458334.68681 18.402 0.025 4.32 369.0
2458335.55098 18.383 0.027 4.25 491.0
2458335.66200 18.396 0.029 5.22 343.0
2458335.72538 18.296 0.034 6.11 506.0
2458336.50275 18.294 0.032 5.79 391.0
2458336.62896 18.361 0.022 4.02 283.0
2458336.67652 18.370 0.021 3.76 294.0
2458338.48489 18.318 0.033 5.81 445.0
2458338.53570 18.408 0.046 6.44 412.0
2458338.58703 18.442 0.034 5.87 370.0
2458338.64486 18.364 0.028 5.25 358.0
2458339.46960 18.246 0.037 5.90 672.0
2458339.51752 18.369 0.022 4.11 360.0
2458339.58321 18.425 0.021 3.74 300.0
2458339.64107 18.327 0.023 4.65 296.0
2458340.46932 18.282 0.042 5.52 847.0
2458340.62633 18.345 0.023 4.19 358.0
2458340.72446 18.225 0.028 5.70 335.0
2458341.61626 18.378 0.021 3.58 302.0
2458341.73616 18.310 0.023 4.46 313.0
2458342.50552 18.313 0.026 4.67 354.0
2458342.64825 18.328 0.028 4.87 368.0
2458343.52341 18.459 0.036 5.63 380.0
2458344.48650 18.392 0.032 5.05 457.0
2458344.59987 18.277 0.025 4.18 379.0
2458344.69546 18.345 0.026 4.23 373.0
2458345.47035 18.327 0.047 6.03 824.0
2458345.59528 18.348 0.025 4.51 347.0
2458345.68555 18.356 0.022 3.99 327.0
2458346.47607 18.392 0.045 6.51 493.0
2458346.59929 18.333 0.026 4.59 321.0
2458346.71989 18.337 0.024 4.39 308.0
2458347.59886 18.332 0.021 3.86 303.0
2458347.70324 18.386 0.024 4.19 321.0
2458348.56634 18.335 0.034 5.50 428.0
2458348.62292 18.337 0.030 4.98 392.0
2458349.57757 18.371 0.043 6.32 535.0
2458353.50668 18.373 0.045 5.12 1035.0
2458353.56045 18.314 0.034 5.09 567.0
2458353.60906 18.408 0.043 6.00 609.0
2458355.47245 18.327 0.046 5.60 1191.0
2458355.62487 18.399 0.028 3.96 587.0
2458355.67154 18.351 0.033 4.94 621.0
2458356.49267 18.443 0.041 5.45 606.0
2458356.55089 18.330 0.028 4.10 565.0
2458356.67096 18.378 0.026 3.87 602.0
2458357.47322 18.272 0.049 5.45 1070.0
2458357.53662 18.451 0.037 5.19 522.0
2458357.66923 18.371 0.032 4.64 580.0
2458358.55696 18.314 0.036 5.82 519.0
2458358.64155 18.341 0.031 5.06 505.0
2458358.69274 18.251 0.040 6.63 621.0
2458359.55081 18.404 0.028 4.45 452.0
2458359.64938 18.348 0.034 5.27 516.0
2458359.69728 18.256 0.043 6.79 629.0
2458360.54635 18.257 0.035 6.28 433.0
2458360.59310 18.288 0.037 6.00 493.0
2458360.64480 18.303 0.035 5.22 574.0
2458361.48106 18.262 0.039 7.11 519.0
2458363.49275 18.374 0.037 5.93 408.0
2458363.55410 18.360 0.028 4.98 403.0
2458363.65085 18.333 0.031 6.25 318.0
2458364.48363 18.346 0.031 5.15 473.0
2458364.55395 18.370 0.024 4.37 380.0
2458364.60031 18.357 0.022 3.92 385.0
2458364.67543 18.327 0.023 4.87 336.0
2458366.51433 18.374 0.028 4.86 348.0
2458366.58546 18.312 0.028 5.06 375.0
2458367.48445 18.398 0.042 6.21 452.0
2458367.53825 18.323 0.027 4.59 368.0
2458367.64301 18.296 0.025 4.86 391.0
2458368.47787 18.401 0.036 4.93 664.0
2458368.54867 18.347 0.022 3.70 352.0
2458368.63988 18.404 0.024 4.11 407.0
2458369.48104 18.428 0.039 5.73 514.0
2458369.54194 18.353 0.025 3.81 381.0
2458369.62615 18.297 0.026 4.57 391.0
2458370.48994 18.315 0.027 4.30 463.0
2458370.60488 18.323 0.025 4.30 387.0
2458370.65315 18.382 0.030 4.81 445.0
2458371.57147 18.339 0.023 4.13 356.0
2458371.65654 18.348 0.029 5.30 447.0
2458372.51710 18.374 0.034 5.50 393.0
2458372.61796 18.388 0.029 4.79 397.0
2458373.48077 18.438 0.047 5.97 575.0
2458373.53710 18.421 0.039 6.02 379.0
2458375.48316 18.320 0.039 6.32 523.0
2458375.55180 18.374 0.036 6.13 427.0
2458375.60065 18.342 0.034 6.14 373.0
2458375.64179 18.400 0.041 6.42 440.0
2458376.51537 18.330 0.034 5.92 417.0
2458376.58062 18.317 0.030 5.29 438.0
2458376.62643 18.393 0.045 6.88 445.0
2458377.50633 18.344 0.055 6.73 1166.0
2458377.54335 18.257 0.048 5.98 1203.0
2458381.48714 18.324 0.058 6.46 1333.0
2458381.53310 18.378 0.045 5.28 985.0
2458382.48460 18.247 0.025 3.85 657.0
2458382.53361 18.373 0.027 3.56 657.0
2458382.58269 18.408 0.028 3.39 679.0
2458383.50073 18.376 0.035 4.99 620.0
2458383.54620 18.373 0.032 4.59 610.0
2458383.59375 18.340 0.039 5.37 697.0
2458384.48752 18.438 0.040 5.09 616.0
2458384.54774 18.378 0.031 4.06 607.0
2458384.59395 18.303 0.031 4.64 679.0
2458384.62351 18.403 0.036 4.83 717.0
2458385.52112 18.359 0.022 3.18 579.0
2458385.56793 18.427 0.025 3.57 568.0
2458385.61533 18.356 0.026 4.19 662.0
2458386.50039 18.341 0.028 3.83 597.0
2458387.49735 18.335 0.031 4.70 516.0
2458390.51176 18.281 0.032 5.22 479.0
2458392.50190 18.473 0.049 6.87 428.0
2458392.57268 18.332 0.035 5.80 460.0
2458393.48708 18.412 0.047 6.84 499.0
2458393.53454 18.318 0.037 6.30 387.0
2458393.58052 18.291 0.038 6.51 425.0
2458394.48770 18.346 0.045 6.66 492.0
2458394.55500 18.454 0.034 4.94 393.0
2458394.59996 18.381 0.032 5.26 386.0
2458394.60894 18.305 0.029 5.48 400.0
2458397.52883 18.411 0.033 5.20 483.0
2458398.50216 18.357 0.043 7.12 434.0
2458398.57397 18.404 0.037 6.60 489.0
2458399.51965 18.318 0.040 6.49 418.0
2458401.53469 18.492 0.038 5.23 475.0
2458401.58150 18.371 0.037 6.05 510.0
2458409.54165 18.339 0.053 7.83 731.0
2458410.53203 18.272 0.032 4.87 646.0
2458411.53576 18.233 0.040 5.56 743.0
2458412.52309 18.391 0.041 5.02 661.0
2458413.52922 18.369 0.042 5.37 792.0
2458414.52738 18.445 0.055 6.22 763.0
2458415.49642 18.183 0.054 7.08 995.0
2458415.54086 18.234 0.057 7.09 996.0
2458418.49845 18.379 0.051 6.59 708.0
2458419.49686 18.366 0.041 4.90 822.0
2458423.51598 18.423 0.050 6.63 610.0
2458425.50432 18.327 0.045 5.80 763.0
2458521.87219 17.897 0.017 4.35 463.0
2458522.86466 17.819 0.016 4.56 470.0
2458524.88651 17.872 0.024 5.07 808.0
2458526.86025 17.794 0.021 6.09 408.0
2458529.85713 17.761 0.021 6.05 450.0
2458531.85543 17.653 0.018 5.48 444.0
2458532.85743 17.684 0.022 5.97 657.0
2458533.86412 17.712 0.016 4.32 681.0
2458535.84645 17.594 0.022 6.23 630.0
2458537.86287 17.622 0.021 6.66 483.0
2458538.88274 17.642 0.016 5.58 492.0
2458540.84358 17.604 0.019 4.80 908.0
2458547.85141 17.611 0.016 6.08 365.0
2458549.80142 17.568 0.018 6.29 392.0
2458550.84836 17.538 0.012 4.48 359.0
2458550.88789 17.540 0.013 4.93 367.0
2458551.84599 17.556 0.016 6.06 352.0
2458551.88526 17.553 0.017 5.86 357.0
2458552.85764 17.523 0.017 6.15 354.0
2458553.82665 17.545 0.018 6.55 384.0
2458554.79683 17.533 0.021 6.57 396.0
2458555.79822 17.553 0.014 4.91 431.0
2458559.77530 17.525 0.016 5.70 459.0
2458562.77331 17.464 0.019 6.11 661.0
2458562.86167 17.522 0.016 4.92 586.0
2458563.83970 17.504 0.013 3.89 636.0
2458563.88778 17.536 0.014 3.93 615.0
2458565.80041 17.560 0.016 4.74 620.0
2458565.84741 17.627 0.016 4.46 581.0
2458565.89187 17.609 0.017 3.99 534.0
2458566.87468 17.576 0.014 4.31 525.0
2458567.77606 17.513 0.018 4.33 1231.0
2458572.87275 17.554 0.014 5.43 454.0
2458574.72731 17.589 0.019 7.04 365.0
2458575.72752 17.548 0.017 6.09 370.0
2458576.77099 17.583 0.015 5.66 361.0
2458577.72727 17.619 0.018 6.12 438.0
2458578.71456 17.580 0.016 5.45 394.0
2458578.74775 17.637 0.017 5.33 397.0
2458578.84560 17.589 0.014 5.10 412.0
2458579.71424 17.662 0.019 6.02 487.0
2458579.76184 17.701 0.017 5.07 455.0
2458580.72153 17.622 0.017 5.67 443.0
2458581.72620 17.685 0.014 4.31 405.0
2458581.78217 17.743 0.020 5.21 366.0
2458582.71803 17.625 0.015 5.85 356.0
2458583.70519 17.678 0.018 5.82 430.0
2458584.74552 17.743 0.017 5.22 365.0
2458584.79452 17.748 0.015 4.90 345.0
2458584.84930 17.695 0.014 4.69 331.0
2458585.70997 17.735 0.018 5.82 396.0
2458585.75025 17.711 0.018 6.46 376.0
2458586.71923 17.715 0.017 5.94 366.0
2458586.82409 17.667 0.014 4.72 324.0
2458587.70087 17.699 0.020 6.34 485.0
2458587.74280 17.747 0.017 5.64 385.0
2458587.87685 17.748 0.015 4.19 395.0
2458588.69697 17.715 0.020 6.02 503.0
2458588.79666 17.733 0.014 4.34 331.0
2458589.71419 17.775 0.018 4.78 564.0
2458589.75855 17.740 0.016 4.37 521.0
2458590.68919 17.702 0.019 5.34 685.0
2458590.78830 17.755 0.014 4.00 508.0
2458590.84153 17.766 0.013 3.10 495.0
2458591.72272 17.747 0.017 4.78 666.0
2458591.77108 17.787 0.019 5.48 608.0
2458591.82600 17.806 0.016 3.93 556.0
2458591.92278 17.724 0.017 4.57 561.0
2458592.85274 17.763 0.019 5.08 685.0
2458592.89842 17.724 0.020 3.90 1168.0
2458593.74661 17.812 0.029 5.18 1614.0
2458593.80485 17.766 0.025 5.88 870.0
2458593.89553 17.853 0.023 4.06 1063.0
2458594.67970 17.779 0.025 5.49 899.0
2458594.72800 17.758 0.021 4.98 737.0
2458594.77698 17.769 0.019 5.24 619.0
2458594.83119 17.800 0.018 4.13 632.0
2458594.89338 17.790 0.020 4.58 735.0
2458595.69095 17.839 0.034 6.07 1055.0
2458595.72765 17.779 0.027 5.73 889.0
2458595.82622 17.918 0.036 5.69 1530.0
2458599.66499 17.837 0.029 7.06 597.0
2458599.71472 17.772 0.020 5.56 483.0
2458599.75287 17.848 0.026 6.81 450.0
2458599.79623 17.774 0.018 5.81 411.0
2458599.86610 17.870 0.017 4.39 412.0
2458599.90495 17.858 0.017 4.55 425.0
2458600.65969 17.896 0.025 6.76 400.0
2458600.69752 17.879 0.019 5.17 379.0
2458600.75476 17.883 0.016 4.62 386.0
2458600.80591 17.866 0.018 5.33 379.0
2458600.87086 17.881 0.016 4.10 468.0
2458600.91709 17.862 0.016 4.05 463.0
2458601.72374 17.861 0.017 4.84 403.0
2458601.78008 17.864 0.016 4.47 416.0
2458601.85964 17.912 0.014 3.19 417.0
2458601.93353 17.869 0.024 3.82 1278.0
2458602.73206 17.855 0.015 4.60 338.0
2458602.78921 17.896 0.016 4.25 368.0
2458602.86976 17.898 0.016 3.99 388.0
2458602.91646 17.899 0.016 3.89 409.0
2458603.67163 17.901 0.019 5.51 386.0
2458603.71389 17.885 0.018 4.93 344.0
2458603.76998 17.912 0.016 4.65 320.0
2458603.89057 17.910 0.017 4.04 415.0
2458603.93734 17.912 0.033 5.12 1368.0
2458604.75071 17.974 0.025 6.24 356.0
2458604.79398 17.909 0.021 5.52 347.0
2458604.85196 17.896 0.019 4.71 370.0
2458604.91145 17.969 0.027 6.20 408.0
2458605.66926 17.935 0.023 6.46 398.0
2458605.71906 17.906 0.020 5.67 375.0
2458605.76927 17.899 0.021 5.88 382.0
2458605.84513 17.905 0.019 4.63 458.0
2458605.90220 17.871 0.018 4.60 408.0
2458606.75970 17.916 0.016 4.32 340.0
2458606.82562 17.910 0.015 3.11 363.0
2458606.87700 17.939 0.016 3.64 400.0
2458606.93629 17.918 0.022 3.70 1059.0
2458608.84884 17.987 0.016 3.63 421.0
2458608.89725 17.965 0.018 4.00 438.0
2458609.66295 17.985 0.021 5.60 439.0
2458612.75470 17.981 0.025 6.22 337.0
2458612.80659 18.138 0.035 6.13 371.0
2458612.91384 17.992 0.025 5.57 453.0
2458613.64395 18.054 0.030 6.55 444.0
2458614.63540 18.034 0.030 6.16 526.0
2458616.63310 18.060 0.023 5.26 498.0
2458618.63567 18.069 0.026 5.91 525.0
2458618.68630 18.078 0.027 5.98 519.0
2458618.73343 18.040 0.023 4.99 505.0
2458618.85445 18.075 0.023 4.38 537.0
2458618.90112 18.025 0.032 6.18 635.0
2458619.63917 18.159 0.034 6.41 559.0
2458619.67970 18.196 0.035 6.25 496.0
2458620.93657 18.077 0.029 5.48 651.0
2458621.69900 18.137 0.040 6.35 728.0
2458626.63927 18.113 0.036 6.61 609.0
2458626.71427 18.003 0.030 6.20 566.0
2458626.79988 18.036 0.025 5.78 574.0
2458626.84188 18.072 0.031 5.74 631.0
2458626.87972 18.018 0.024 4.62 665.0
2458626.91705 18.059 0.025 4.48 683.0
2458627.71894 18.052 0.018 4.20 371.0
2458627.81054 18.049 0.020 4.61 481.0
2458635.66377 18.099 0.022 5.39 334.0
2458635.70751 18.062 0.022 5.43 328.0
2458635.76569 18.098 0.019 4.14 363.0
2458635.82419 18.134 0.021 4.50 411.0
2458635.86978 18.160 0.029 5.84 464.0
2458635.91559 18.096 0.032 6.53 498.0
2458636.57791 18.105 0.026 5.88 404.0
2458636.61850 18.041 0.022 5.65 382.0
2458636.78023 18.131 0.017 3.85 318.0
2458636.82707 18.125 0.021 4.78 351.0
2458636.87257 18.184 0.022 4.28 411.0
2458636.91857 18.167 0.024 4.76 494.0
2458637.58569 18.114 0.021 5.28 391.0
2458637.78891 18.154 0.019 3.76 403.0
2458637.83544 18.093 0.018 3.76 437.0
2458637.88152 18.124 0.021 4.11 477.0
2458637.92414 18.126 0.023 4.64 517.0
2458638.65366 18.125 0.020 5.12 318.0
2458638.82177 18.153 0.017 3.71 354.0
2458638.86816 18.153 0.027 5.54 473.0
2458638.91605 18.060 0.034 6.57 585.0
2458639.66825 18.094 0.016 3.75 405.0
2458639.71508 18.168 0.016 3.65 369.0
2458639.83422 18.161 0.017 3.61 442.0
2458640.56284 18.131 0.028 5.91 462.0
2458640.76894 18.101 0.023 4.91 385.0
2458640.81740 18.113 0.024 4.76 416.0
2458640.86434 18.176 0.026 5.04 427.0
2458640.90563 18.125 0.024 5.08 492.0
2458642.56360 18.111 0.026 5.60 564.0
2458642.70831 18.121 0.019 4.25 388.0
2458642.81779 18.115 0.024 4.92 439.0
2458642.86592 18.125 0.026 4.80 503.0
2458642.90801 18.133 0.027 4.66 617.0
2458643.63249 18.110 0.019 4.52 366.0
2458643.68837 18.144 0.016 3.38 361.0
2458643.74871 18.141 0.018 3.94 369.0
2458643.79803 18.133 0.017 3.58 348.0
2458643.84449 18.160 0.019 3.83 397.0
2458643.89044 18.126 0.022 4.49 430.0
2458644.55798 18.113 0.026 5.57 479.0
2458644.70995 18.169 0.019 3.99 348.0
2458644.76198 18.129 0.023 4.90 406.0
2458644.80989 18.098 0.024 5.18 431.0
2458644.85672 18.179 0.022 4.15 439.0
2458644.90243 18.093 0.029 5.52 487.0
2458645.64990 18.166 0.023 5.09 399.0
2458646.58015 18.151 0.037 7.40 482.0
2458646.61772 18.136 0.035 7.17 415.0
2458646.66624 18.097 0.025 5.55 399.0
2458646.71356 18.140 0.029 6.02 404.0
2458646.76196 18.123 0.021 4.64 396.0
2458646.80400 18.050 0.022 5.34 383.0
2458646.85000 18.203 0.030 5.95 459.0
2458647.59075 18.095 0.027 5.64 547.0
2458647.62808 18.129 0.027 5.47 492.0
2458647.67448 18.134 0.024 4.76 487.0
2458647.78017 18.161 0.029 5.56 486.0
2458647.82716 18.160 0.030 5.97 476.0
2458647.86992 18.091 0.041 7.74 498.0
2458648.62140 18.137 0.029 5.54 618.0
2458648.66475 18.116 0.025 5.08 560.0
2458648.71470 18.057 0.029 6.06 542.0
2458648.77048 18.121 0.027 5.12 568.0
2458648.81881 18.190 0.026 4.63 566.0
2458648.86517 18.188 0.030 5.36 567.0
2458648.90548 18.143 0.030 6.08 530.0
2458649.61292 18.038 0.035 6.24 725.0
2458649.67198 18.283 0.043 6.39 720.0
2458654.52412 18.165 0.033 5.17 1194.0
2458655.70089 18.259 0.040 5.61 1021.0
2458655.76818 18.081 0.028 5.56 754.0
2458655.85698 18.121 0.033 5.37 948.0
2458656.75079 18.146 0.021 4.67 445.0
2458656.81248 18.169 0.023 4.78 469.0
2458656.85931 18.121 0.028 5.55 555.0
2458657.54095 18.134 0.027 6.08 408.0
2458657.60415 18.191 0.022 4.95 344.0
2458657.65059 18.174 0.022 4.78 378.0
2458657.75431 18.131 0.021 4.65 354.0
2458657.80403 18.167 0.019 4.02 362.0
2458657.84975 18.184 0.024 4.15 426.0
2458657.89027 18.211 0.027 5.27 486.0
2458658.56299 18.088 0.021 5.46 314.0
2458660.50683 18.189 0.033 6.69 429.0
2458660.81528 18.236 0.022 4.22 456.0
2458660.86544 18.273 0.029 5.49 560.0
2458661.53810 18.142 0.028 6.44 424.0
2458662.55342 18.117 0.030 6.40 452.0
2458662.76515 18.232 0.030 6.18 398.0
2458662.82339 18.225 0.034 6.26 494.0
2458664.56355 18.177 0.019 4.63 309.0
2458664.61074 18.217 0.021 4.89 286.0
2458664.65740 18.252 0.019 4.17 289.0
2458664.76031 18.204 0.017 4.05 377.0
2458666.75384 18.181 0.029 6.29 349.0
2458666.82300 18.238 0.032 6.66 364.0
2458667.72419 18.205 0.019 3.97 343.0
2458667.77167 18.213 0.019 3.80 357.0
2458667.81758 18.153 0.021 4.79 394.0
2458668.47898 18.199 0.038 7.52 522.0
2458668.67170 18.214 0.021 4.65 308.0
2458668.72202 18.282 0.022 4.65 299.0
2458668.77039 18.223 0.023 5.34 309.0
2458668.81656 18.125 0.023 5.35 348.0
2458668.85744 18.185 0.037 7.35 467.0
2458669.67257 18.182 0.023 4.78 379.0
2458669.72283 18.260 0.023 4.63 357.0
2458669.77047 18.203 0.018 3.78 367.0
2458669.81769 18.159 0.021 4.41 429.0
2458669.85763 18.250 0.024 4.87 405.0
2458670.72046 18.239 0.018 3.76 295.0
2458670.76888 18.290 0.018 3.46 324.0
2458670.81508 18.226 0.021 4.42 363.0
2458673.59797 18.324 0.024 4.27 428.0
2458673.71625 18.242 0.021 4.54 350.0
2458673.76068 18.206 0.024 4.96 394.0
2458673.83463 18.203 0.034 6.87 483.0
2458674.58134 18.224 0.027 5.65 362.0
2458674.73425 18.206 0.027 5.76 377.0
2458674.77526 18.142 0.028 5.97 423.0
2458674.82428 18.223 0.037 6.83 534.0
2458675.67983 18.250 0.022 4.02 443.0
2458675.71921 18.255 0.024 4.46 456.0
2458675.75587 18.205 0.020 4.03 436.0
2458675.80220 18.224 0.021 4.43 379.0
2458676.46867 18.207 0.041 6.11 967.0
2458676.68204 18.250 0.025 4.58 480.0
2458676.71929 18.245 0.025 4.48 502.0
2458676.75749 18.303 0.030 4.80 557.0
2458676.79556 18.259 0.029 4.86 599.0
2458676.83208 18.244 0.031 5.64 556.0
2458677.78013 18.208 0.027 4.16 735.0
2458681.47385 18.211 0.042 6.43 977.0
2458681.51239 18.206 0.039 5.46 983.0
2458681.62984 18.194 0.031 4.88 795.0
2458681.67107 18.272 0.035 4.86 837.0
2458681.73377 18.228 0.037 5.16 912.0
2458681.78782 18.212 0.048 6.37 1115.0
2458682.46770 18.192 0.036 5.51 966.0
2458682.50754 18.156 0.028 5.15 653.0
2458682.65104 18.211 0.027 4.39 561.0
2458682.70588 18.233 0.027 4.22 604.0
2458682.75868 18.202 0.031 5.27 659.0
2458682.79720 18.201 0.044 6.99 747.0
2458683.46909 18.288 0.040 6.39 644.0
2458683.51118 18.162 0.035 6.57 540.0
2458683.55448 18.263 0.040 5.81 525.0
2458683.64347 18.301 0.029 5.05 455.0
2458683.68582 18.245 0.030 5.31 481.0
2458683.72911 18.282 0.029 4.88 491.0
2458683.77046 18.241 0.032 5.58 535.0
2458683.81075 18.296 0.038 6.03 573.0
2458684.47634 18.242 0.026 5.47 438.0
2458684.64369 18.332 0.027 4.35 490.0
2458684.70170 18.252 0.025 4.44 426.0
2458684.75064 18.242 0.024 4.61 446.0
2458684.79160 18.281 0.026 4.68 499.0
2458685.47627 18.267 0.029 5.63 543.0
2458685.68843 18.212 0.022 4.63 406.0
2458688.52739 18.241 0.041 7.84 405.0
2458688.57207 18.254 0.033 6.40 372.0
2458688.63051 18.171 0.027 6.19 309.0
2458688.67044 18.206 0.022 4.95 299.0
2458688.75407 18.295 0.034 6.67 364.0
2458689.47215 18.243 0.040 6.72 545.0
2458689.51939 18.206 0.036 6.75 405.0
2458689.66472 18.279 0.029 5.91 321.0
2458689.71670 18.233 0.025 5.56 318.0
2458689.76194 18.328 0.038 6.93 393.0
2458689.79809 18.312 0.039 6.47 489.0
2458690.46990 18.182 0.039 6.32 644.0
2458690.50797 18.228 0.033 6.01 425.0
2458690.65901 18.275 0.020 3.98 333.0
2458690.70506 18.300 0.020 4.00 320.0
2458690.74317 18.284 0.022 4.59 328.0
2458690.78753 18.193 0.027 5.97 403.0
2458691.46777 18.191 0.036 5.31 877.0
2458691.50589 18.289 0.022 3.99 358.0
2458691.63006 18.313 0.018 3.66 310.0
2458691.68055 18.279 0.021 4.03 385.0
2458691.73148 18.286 0.025 4.64 379.0
2458691.76942 18.376 0.034 5.93 383.0
2458692.46808 18.312 0.041 5.55 864.0
2458692.50851 18.160 0.026 5.62 440.0
2458692.66739 18.300 0.022 4.18 421.0
2458692.70915 18.284 0.025 4.68 362.0
2458692.75518 18.170 0.029 5.73 448.0
2458693.46870 18.322 0.053 7.22 750.0
2458693.64337 18.362 0.032 5.99 329.0
2458693.68427 18.295 0.025 5.13 323.0
2458693.74991 18.293 0.028 5.41 392.0
2458694.47245 18.246 0.030 5.64 517.0
2458694.51267 18.244 0.023 4.74 387.0
2458694.63091 18.273 0.019 3.97 309.0
2458694.66928 18.295 0.018 3.54 294.0
2458694.76074 18.237 0.021 4.23 368.0
2458695.47206 18.242 0.028 5.16 545.0
2458695.51100 18.305 0.026 5.37 365.0
2458695.59555 18.302 0.020 4.05 317.0
2458695.65228 18.304 0.018 3.76 282.0
2458695.69873 18.309 0.020 4.11 291.0
2458695.74747 18.325 0.019 3.71 343.0
2458697.54078 18.254 0.040 7.42 372.0
2458697.58411 18.287 0.034 5.91 357.0
2458697.65631 18.281 0.031 5.55 359.0
2458697.71424 18.437 0.038 6.37 320.0
2458698.47198 18.289 0.030 5.29 521.0
2458698.51015 18.315 0.026 5.23 339.0
2458698.60431 18.306 0.020 3.89 294.0
2458698.64692 18.314 0.021 4.02 285.0
2458698.69074 18.315 0.022 4.05 304.0
2458698.74135 18.259 0.021 4.16 342.0
2458699.47478 18.333 0.026 4.24 553.0
2458699.51398 18.335 0.028 4.97 396.0
2458699.56950 18.284 0.020 4.14 310.0
2458699.61915 18.313 0.020 3.84 293.0
2458699.66277 18.358 0.020 3.68 310.0
2458699.70108 18.345 0.023 3.93 354.0
2458699.74636 18.294 0.021 3.86 335.0
2458700.47394 18.293 0.025 4.26 535.0
2458700.51294 18.320 0.020 4.06 340.0
2458700.57328 18.290 0.020 3.94 338.0
2458700.61400 18.336 0.023 4.13 355.0
2458700.66837 18.319 0.025 4.51 390.0
2458700.71190 18.276 0.027 5.11 368.0
2458700.75125 18.314 0.027 4.78 433.0
2458701.47441 18.239 0.026 4.55 492.0
2458701.51454 18.273 0.024 4.59 368.0
2458701.57404 18.264 0.026 5.05 371.0
2458701.63115 18.290 0.023 4.06 401.0
2458701.66944 18.323 0.024 4.41 357.0
2458701.72067 18.236 0.025 4.81 377.0
2458701.75883 18.383 0.031 4.99 493.0
2458702.47390 18.304 0.038 5.88 509.0
2458702.51445 18.349 0.026 4.76 374.0
2458702.58803 18.321 0.027 5.15 347.0
2458702.62665 18.307 0.022 4.39 346.0
2458702.67434 18.317 0.023 4.73 357.0
2458702.73016 18.292 0.023 4.66 345.0
2458703.47506 18.325 0.041 6.13 587.0
2458703.51581 18.296 0.032 5.21 536.0
2458703.57414 18.331 0.033 5.79 438.0
2458704.63116 18.222 0.033 5.45 591.0
2458704.69470 18.387 0.043 6.28 562.0
2458708.58127 18.317 0.022 3.45 615.0
2458708.61084 18.390 0.026 3.74 627.0
2458708.71061 18.362 0.036 3.99 1147.0
2458709.53227 18.368 0.026 3.22 956.0
2458710.47400 18.285 0.032 4.73 703.0
2458710.51488 18.355 0.035 4.76 757.0
2458711.47302 18.280 0.035 4.87 912.0
2458711.51291 18.349 0.029 3.81 834.0
2458711.53800 18.436 0.043 5.09 953.0
2458711.62533 18.285 0.032 5.03 622.0
2458711.66628 18.246 0.032 5.13 661.0
2458711.70989 18.278 0.048 6.26 924.0
2458712.48950 18.059 0.036 7.77 418.0
2458712.52975 18.395 0.043 6.89 443.0
2458712.58259 18.317 0.034 5.97 434.0
2458712.60603 18.359 0.041 6.64 465.0
2458712.64654 18.497 0.050 6.87 498.0
2458713.47204 18.353 0.046 6.11 717.0
2458713.51452 18.322 0.024 4.49 377.0
2458713.55799 18.439 0.031 4.55 445.0
2458713.59991 18.381 0.034 5.35 466.0
2458713.63923 18.396 0.035 5.65 423.0
2458713.68002 18.343 0.032 5.22 466.0
2458713.71836 18.502 0.048 6.46 506.0
2458714.47650 18.304 0.032 5.58 450.0
2458714.51979 18.366 0.033 5.87 385.0
2458714.56624 18.292 0.027 4.91 408.0
2458714.61141 18.241 0.030 5.61 554.0
2458715.59021 18.408 0.025 4.23 368.0
2458715.63198 18.274 0.022 4.26 359.0
2458715.67158 18.314 0.023 4.41 366.0
2458715.71298 18.349 0.029 5.17 490.0
2458716.48050 18.368 0.023 4.13 381.0
2458716.53127 18.414 0.020 3.46 328.0
2458716.58261 18.323 0.020 3.58 327.0
2458716.62759 18.340 0.021 4.08 331.0
2458716.67266 18.299 0.022 4.35 391.0
2458716.71234 18.288 0.025 5.32 436.0
2458717.47356 18.262 0.046 6.38 726.0
2458717.55982 18.248 0.031 6.20 331.0
2458717.60090 18.285 0.025 4.78 332.0
2458717.65095 18.340 0.034 6.16 342.0
2458717.69240 18.309 0.036 6.41 427.0
2458718.48148 18.374 0.023 3.99 400.0
2458718.54541 18.336 0.022 3.99 318.0
2458718.58546 18.357 0.021 3.66 285.0
2458718.62671 18.296 0.021 3.81 321.0
2458718.69443 18.319 0.023 4.27 390.0
2458719.47283 18.314 0.048 6.18 820.0
2458719.51707 18.350 0.035 6.03 377.0
2458719.55854 18.246 0.026 5.17 375.0
2458719.60735 18.373 0.031 5.69 372.0
2458719.63302 18.343 0.030 5.62 377.0
2458719.67193 18.298 0.026 5.47 370.0
2458721.48253 18.372 0.028 5.20 368.0
2458721.52561 18.281 0.024 4.78 329.0
2458721.57470 18.363 0.026 4.94 340.0
2458721.62591 18.317 0.023 4.34 332.0
2458721.66984 18.319 0.028 5.49 354.0
2458722.47484 18.289 0.030 4.70 677.0
2458722.53054 18.346 0.020 3.74 357.0
2458722.58024 18.361 0.022 4.30 315.0
2458722.62730 18.359 0.023 4.53 291.0
2458722.67767 18.314 0.035 6.57 340.0
2458722.71168 18.332 0.029 5.97 336.0
2458723.47884 18.304 0.027 4.67 496.0
2458723.53053 18.351 0.024 4.15 400.0
2458723.58316 18.367 0.023 4.00 410.0
2458723.62340 18.371 0.026 4.65 398.0
2458723.66204 18.339 0.026 4.74 381.0
2458723.70041 18.268 0.027 5.35 408.0
2458724.47546 18.357 0.030 4.32 658.0
2458724.52858 18.317 0.022 4.04 342.0
2458724.58201 18.313 0.025 5.29 317.0
2458724.62387 18.343 0.024 4.79 337.0
2458724.66372 18.317 0.024 4.91 335.0
2458725.48047 18.276 0.030 5.48 466.0
2458725.53218 18.340 0.024 4.18 400.0
2458725.57389 18.269 0.027 5.39 335.0
2458725.61955 18.287 0.025 4.88 327.0
2458725.66072 18.264 0.025 5.26 339.0
2458726.47483 18.285 0.047 6.59 735.0
2458726.51967 18.269 0.027 5.42 313.0
2458726.56428 18.235 0.025 4.99 326.0
2458726.61769 18.332 0.027 5.02 305.0
2458726.65678 18.311 0.023 4.70 296.0
2458727.50321 18.367 0.042 7.06 383.0
2458727.55721 18.281 0.033 6.19 390.0
2458727.59336 18.345 0.033 5.52 419.0
2458727.63847 18.290 0.034 5.77 425.0
2458727.68315 18.319 0.037 6.41 436.0
2458728.48238 18.410 0.044 6.37 525.0
2458728.52547 18.234 0.030 5.81 426.0
2458728.57667 18.305 0.027 5.04 380.0
2458728.61966 18.341 0.025 4.41 366.0
2458728.65811 18.314 0.026 4.35 375.0
2458729.47464 18.302 0.036 5.29 649.0
2458729.52130 18.218 0.027 5.46 331.0
2458729.56394 18.295 0.026 4.86 362.0
2458729.60871 18.318 0.024 4.21 386.0
2458730.47764 18.339 0.037 6.14 459.0
2458730.52193 18.336 0.036 6.77 339.0
2458730.56546 18.415 0.036 6.30 370.0
2458730.60531 18.301 0.029 5.46 350.0
2458730.64382 18.271 0.030 6.02 348.0
2458730.68078 18.331 0.041 7.08 374.0
2458731.51043 18.233 0.038 7.30 389.0
2458731.58084 18.279 0.031 6.14 387.0
2458731.62380 18.257 0.032 6.25 405.0
2458736.59042 18.265 0.046 7.15 598.0
2458736.63477 18.240 0.038 6.19 691.0
2458737.60248 18.318 0.047 6.83 646.0
2458737.64186 18.359 0.047 6.57 695.0
2458738.48571 18.294 0.038 5.96 626.0
2458738.53220 18.302 0.035 5.62 602.0
2458738.57227 18.330 0.037 5.48 641.0
2458738.61085 18.333 0.049 6.54 715.0
2458738.65191 18.381 0.063 7.68 828.0
2458739.48594 18.247 0.033 5.56 583.0
2458739.52702 18.265 0.031 5.14 600.0
2458739.62167 18.261 0.039 6.05 633.0
2458740.48037 18.311 0.051 7.32 709.0
2458740.53064 18.280 0.043 7.08 554.0
2458740.56923 18.224 0.045 7.43 575.0
2458741.48075 18.371 0.045 6.24 679.0
2458741.52666 18.209 0.038 6.94 497.0
2458741.56845 18.287 0.034 5.87 513.0
2458741.62288 18.414 0.042 6.30 576.0
2458742.48010 18.168 0.046 7.27 672.0
2458742.52841 18.231 0.033 5.86 524.0
2458742.56843 18.262 0.033 5.75 525.0
2458742.62190 18.334 0.039 6.13 572.0
2458746.53635 18.248 0.027 5.55 379.0
2458746.55014 18.237 0.031 6.39 372.0
2458746.56421 18.057 0.030 7.04 363.0
2458746.61408 18.285 0.035 6.40 399.0
2458746.62811 18.320 0.039 7.04 400.0
2458747.47981 18.348 0.059 7.11 955.0
2458747.49853 18.234 0.036 7.06 369.0
2458747.52705 18.314 0.032 6.25 346.0
2458747.56577 18.277 0.033 6.42 364.0
2458747.58042 18.249 0.031 6.18 350.0
2458748.48208 18.322 0.033 5.17 705.0
2458748.49613 18.263 0.028 5.54 428.0
2458748.56996 18.417 0.040 6.23 435.0
2458748.60851 18.378 0.034 5.62 462.0
2458748.62232 18.319 0.037 6.24 474.0
2458750.53665 18.290 0.025 4.45 434.0
2458750.55064 18.357 0.031 5.32 424.0
2458750.56458 18.371 0.029 4.86 412.0
2458750.60730 18.279 0.029 5.34 410.0
2458750.62119 18.276 0.033 5.91 430.0
2458752.48313 18.368 0.029 3.94 784.0
2458752.55687 18.280 0.027 5.07 422.0
2458752.57059 18.289 0.029 5.57 414.0
2458752.60881 18.307 0.032 5.89 416.0
2458753.49570 18.306 0.032 5.87 444.0
2458753.54019 18.243 0.030 5.80 407.0
2458753.58419 18.367 0.039 6.39 420.0
2458753.61546 18.342 0.046 7.48 450.0
2458754.48482 18.280 0.034 5.70 666.0
2458754.52472 18.304 0.032 5.68 462.0
2458754.56924 18.172 0.039 7.35 472.0
2458754.60818 18.350 0.034 5.91 467.0
2458755.48242 18.364 0.030 3.90 802.0
2458755.53114 18.348 0.021 3.43 393.0
2458755.57198 18.396 0.026 4.02 397.0
2458755.60791 18.364 0.027 4.25 441.0
2458757.49058 18.252 0.035 6.57 424.0
2458757.53391 18.268 0.035 6.30 411.0
2458757.55415 18.377 0.047 7.50 401.0
2458757.59846 18.395 0.036 5.75 395.0
2458759.51858 18.382 0.046 6.93 443.0
2458759.55002 18.321 0.050 7.31 588.0
2458759.56992 18.358 0.045 6.89 476.0
2458763.50724 18.328 0.037 5.43 674.0
2458763.52129 18.373 0.034 5.17 638.0
2458763.53516 18.326 0.037 5.54 633.0
2458763.58323 18.268 0.037 5.72 682.0
2458764.52908 18.389 0.036 5.94 508.0
2458764.57283 18.190 0.035 6.33 568.0
2458764.58521 18.442 0.053 7.39 607.0
2458766.48560 18.314 0.042 5.57 873.0
2458766.56613 18.157 0.044 6.75 998.0
2458768.48516 18.176 0.042 6.43 790.0
2458768.55872 18.337 0.047 6.45 691.0
2458773.49445 18.323 0.049 7.27 654.0
2458773.54628 18.373 0.051 7.27 586.0
2458774.49869 18.197 0.046 7.84 550.0
2458774.57263 18.269 0.037 6.24 553.0
2458775.50247 18.347 0.043 7.19 505.0
2458776.53444 18.315 0.049 7.65 613.0
2458781.54164 18.467 0.039 5.09 562.0
2458782.53118 18.454 0.037 5.02 578.0
2458783.49610 18.347 0.044 5.66 886.0
2458783.53966 18.361 0.036 5.84 526.0
2458784.51176 18.314 0.045 7.27 514.0
2458785.50364 18.440 0.064 7.75 805.0
2458786.50222 18.576 0.068 6.93 764.0
2458787.50868 18.381 0.041 5.58 820.0
